role,variant,seed,program,fraction,kind,capacity_kw,operating_peak_kw,phase,success_1pct,success_zero,success_01pct,missed_gpu_h,miss_rate,failure_mean_delivery,failure_interval_delivery,failure_deadline_miss,failure_rebound,failure_window_peak_relief,failure_terminal_backlog,baseline_service_feasible,baseline_zero_service,instantaneous_supply_shortfall_hours,max_instantaneous_supply_shortfall_kw,event_hours,contracted_energy_kwh,capped_delivered_energy_kwh,shortfall_energy_kwh,incremental_energy_kwh,delay_exposure_gpu_h_h,deferred_work_gpu_h,incremental_missed_gpu_h,terminal_incremental_backlog_gpu_h,peak_excess_backlog_gpu_h,guard_hours,overlap_guard_hours,week,trace_path,trace_sha256,scenario_path,scenario_hash
confirmation,job_count,1011000,H8P16,0.5,repeated,2.949121593122471,193.4389798490304,14,True,True,True,0.0,0.0,False,False,False,False,False,False,True,True,0,0.0,32.0,94.37189097991907,91.38029474606299,2.991596233856086,-5.684341886080802e-14,16868.68784801547,269.5922599429065,0.0,0.0,295.18493124759266,5,5,5,/home/user/projects/AIDRBench/results/nature_mainline/commitment_validation_v1/runs/confirmation/job_count/H8P16/repeated_f0.5_1011000.parquet,e25b98bc0ce4778c942b3ccb9c564dc6030f2de6a318720f4723ce5c15c4ba7e,/home/user/projects/AIDRBench/results/nature_mainline/commitment_validation_v1/inputs/confirmation/job_count/1011000/H8P16/hourly_seed_1011000,500684f4b1c92e7ea71da5fa4ad995c538854927be27cf91ccb21cc13ccf2a67
confirmation,job_count,1011001,H8P16,0.5,repeated,2.949121593122471,193.4389798490304,6,True,True,True,0.0,0.0,False,False,False,False,False,False,True,True,0,0.0,32.0,94.37189097991907,91.3314555530452,3.04043542687387,5.031890282225504e-07,16995.55007894726,269.2591102903538,0.0,0.0,309.8800140622391,3,3,2,/home/user/projects/AIDRBench/results/nature_mainline/commitment_validation_v1/runs/confirmation/job_count/H8P16/repeated_f0.5_1011001.parquet,c6bef13f3c01fc113aa608d51e39c64f203caa61a8133665a880f1ab48ba5581,/home/user/projects/AIDRBench/results/nature_mainline/commitment_validation_v1/inputs/confirmation/job_count/1011001/H8P16/hourly_seed_1011001,6d8f03bec494d73f1e6b8867a9ea4b2dee2192d93c15c4eba9c7f4d33f55cd29
confirmation,job_count,1011002,H8P16,0.5,repeated,2.949121593122471,193.4389798490304,8,True,True,True,0.0,0.0,False,False,False,False,False,False,True,True,0,0.0,32.0,94.37189097991907,91.4346443485698,2.937246631349268,3.540458237694111e-08,17880.16354561379,270.8413800030787,0.0,0.0,326.68141757387775,0,0,0,/home/user/projects/AIDRBench/results/nature_mainline/commitment_validation_v1/runs/confirmation/job_count/H8P16/repeated_f0.5_1011002.parquet,87565e7d1831a84f248acb0db1119ac36b7e4b122b725657622a55fcf4580dde,/home/user/projects/AIDRBench/results/nature_mainline/commitment_validation_v1/inputs/confirmation/job_count/1011002/H8P16/hourly_seed_1011002,a345828050eb5038433cfede57330e9516ccceef601c496268e5e19490e933bb
confirmation,job_count,1011003,H8P16,0.5,repeated,2.949121593122471,193.4389798490304,18,True,True,True,1.942890293094024e-14,3.088895078306281e-18,False,False,False,False,False,False,True,True,0,0.0,32.0,94.37189097991907,91.18827721270651,3.183613767212563,3.534910320013296e-08,15599.689370259013,269.5951107673643,1.942890293094024e-14,0.0,280.8664774275775,0,0,4,/home/user/projects/AIDRBench/results/nature_mainline/commitment_validation_v1/runs/confirmation/job_count/H8P16/repeated_f0.5_1011003.parquet,e142bc6519f6481d0e51eef55b11d0602c8178dab546fdf5b27befc9d17cd105,/home/user/projects/AIDRBench/results/nature_mainline/commitment_validation_v1/inputs/confirmation/job_count/1011003/H8P16/hourly_seed_1011003,cc6b411a0c1209c99df38c3f69101c8d9d0aaaa25ae4ce3d6b3bb2ba591de794
confirmation,job_count,1011004,H8P16,0.5,repeated,2.949121593122471,193.4389798490304,12,True,True,True,0.0,0.0,False,False,False,False,False,False,True,True,0,0.0,32.0,94.37189097991907,91.24309932669826,3.1287916532208158,-2.2737367544323206e-13,16414.769534743486,268.71384859767034,0.0,0.0,287.90707209006797,1,1,5,/home/user/projects/AIDRBench/results/nature_mainline/commitment_validation_v1/runs/confirmation/job_count/H8P16/repeated_f0.5_1011004.parquet,392986022b5f8ab64f54a1ec5bf7554ca6a5e2353d6fc39ed9e00140d33e5c2f,/home/user/projects/AIDRBench/results/nature_mainline/commitment_validation_v1/inputs/confirmation/job_count/1011004/H8P16/hourly_seed_1011004,70021c5d9cb8ae1fcb071ab5c453f24019ad8639a542034233e8007689522d29
confirmation,job_count,1011005,H8P16,0.5,repeated,2.949121593122471,193.4389798490304,3,True,True,True,0.0,0.0,False,False,False,False,False,False,True,True,0,0.0,32.0,94.37189097991907,91.98672470258578,2.3851662773332976,6.135912231631551,16329.680943722511,270.96629839125166,0.0,0.0,290.1899168594399,1,1,7,/home/user/projects/AIDRBench/results/nature_mainline/commitment_validation_v1/runs/confirmation/job_count/H8P16/repeated_f0.5_1011005.parquet,6c969c88a3113c29c64c6c1d09b2a36b680f1531a0f06456913cabe9329871a0,/home/user/projects/AIDRBench/results/nature_mainline/commitment_validation_v1/inputs/confirmation/job_count/1011005/H8P16/hourly_seed_1011005,c5af19e5773ae97e43944a9546aecc6bce626f166c62b87ec89a2db54c4fbc39
confirmation,job_count,1011006,H8P16,0.5,repeated,2.949121593122471,193.4389798490304,21,True,True,True,0.0,0.0,False,False,False,False,False,False,True,True,0,0.0,32.0,94.37189097991907,91.51539039281772,2.856500587101351,-5.684341886080802e-14,14903.958072653295,269.9733433727404,0.0,0.0,271.49369391556155,2,2,1,/home/user/projects/AIDRBench/results/nature_mainline/commitment_validation_v1/runs/confirmation/job_count/H8P16/repeated_f0.5_1011006.parquet,50085b5b7445e6d114ac7bf42e8564cc60e65fc4dd1dbda209d9437f385fa880,/home/user/projects/AIDRBench/results/nature_mainline/commitment_validation_v1/inputs/confirmation/job_count/1011006/H8P16/hourly_seed_1011006,fff50c7748f97310c97a90dfc96840db4afadaeb6946e1fb98368cf996ca4efc
confirmation,job_count,1011007,H8P16,0.5,repeated,2.949121593122471,193.4389798490304,6,True,True,True,3.4638958368304884e-14,5.507058653894626e-18,False,False,False,False,False,False,True,True,0,0.0,32.0,94.37189097991907,91.63006886315765,2.7418221167614263,3.4366559020782006e-07,15495.323993990947,270.20539326017723,3.4638958368304884e-14,0.0,295.85730138857014,4,4,0,/home/user/projects/AIDRBench/results/nature_mainline/commitment_validation_v1/runs/confirmation/job_count/H8P16/repeated_f0.5_1011007.parquet,14958d0bbed0112389610f47f657be755d04a6f7ee44afbff39757dcbc076111,/home/user/projects/AIDRBench/results/nature_mainline/commitment_validation_v1/inputs/confirmation/job_count/1011007/H8P16/hourly_seed_1011007,32230676cd86785172044aba0db2b9291b5afa6c06c2655a59df8c66b700d149
confirmation,job_count,1011008,H8P16,0.5,repeated,2.949121593122471,193.4389798490304,13,True,True,True,0.0,0.0,False,False,False,False,False,False,True,True,0,0.0,32.0,94.37189097991907,91.16313369578126,3.2087572841378176,1.7053025658242404e-13,15507.012881237239,268.730346911001,0.0,0.0,286.23393162717775,1,1,4,/home/user/projects/AIDRBench/results/nature_mainline/commitment_validation_v1/runs/confirmation/job_count/H8P16/repeated_f0.5_1011008.parquet,f5ff8332ce194dc94c49ce69715533fa11d4d318ba62b40f3a15e5e447f32e69,/home/user/projects/AIDRBench/results/nature_mainline/commitment_validation_v1/inputs/confirmation/job_count/1011008/H8P16/hourly_seed_1011008,c2610e9ffbaa13ab40d5fbe3eae472f66f49c4ab0aaf30100f796b23a0894d54
confirmation,job_count,1011009,H8P16,0.5,repeated,2.949121593122471,193.4389798490304,17,True,True,True,6.494804694057166e-15,1.0325734976052427e-18,False,False,False,False,False,False,True,True,0,0.0,32.0,94.37189097991907,91.70422386093736,2.6676671189817114,1.1368683772161603e-13,16582.341813921248,269.73614712959557,6.494804694057166e-15,0.0,288.96742675451,3,3,2,/home/user/projects/AIDRBench/results/nature_mainline/commitment_validation_v1/runs/confirmation/job_count/H8P16/repeated_f0.5_1011009.parquet,237b158efaaf683f607361d3cdfae8d3069b1cd8df1f6d1781eb8d59a5bb1b14,/home/user/projects/AIDRBench/results/nature_mainline/commitment_validation_v1/inputs/confirmation/job_count/1011009/H8P16/hourly_seed_1011009,4221111d7c3c045094641f915f8fdf02650f42c29b5f1b361b3f6de010c49cfa
confirmation,job_count,1011010,H8P16,0.5,repeated,2.949121593122471,193.4389798490304,0,True,True,True,0.0,0.0,False,False,False,False,False,False,True,True,0,0.0,32.0,94.37189097991907,91.31174502436437,3.0601459555547024,-6.252776074688882e-13,16929.91796452965,269.0877510555721,0.0,0.0,292.8423787898566,4,4,2,/home/user/projects/AIDRBench/results/nature_mainline/commitment_validation_v1/runs/confirmation/job_count/H8P16/repeated_f0.5_1011010.parquet,006b2140989c85c080a7e2af60e4efc1e82e5791d162e8b42324c938964bbe34,/home/user/projects/AIDRBench/results/nature_mainline/commitment_validation_v1/inputs/confirmation/job_count/1011010/H8P16/hourly_seed_1011010,2ee955c659a9b673d24fae436ba3685d9cc3961591de24a6d24538bef8659891
confirmation,job_count,1011011,H8P16,0.5,repeated,2.949121593122471,193.4389798490304,13,True,True,True,0.0,0.0,False,False,False,False,False,False,True,True,0,0.0,32.0,94.37189097991907,91.59188920858315,2.780001771335918,2.8421709430404007e-13,15903.129223822023,269.81021953945776,0.0,0.0,288.10597322172407,1,1,2,/home/user/projects/AIDRBench/results/nature_mainline/commitment_validation_v1/runs/confirmation/job_count/H8P16/repeated_f0.5_1011011.parquet,2f96d797251ff373768bfc1d50f68197ed3b0a0ac37b7584a42c00cccc4700e4,/home/user/projects/AIDRBench/results/nature_mainline/commitment_validation_v1/inputs/confirmation/job_count/1011011/H8P16/hourly_seed_1011011,a157547d2a8e999306f7af9a220a57e822e9e688a1d23645493012220cb9bcbe
confirmation,job_count,1011012,H8P16,0.5,repeated,2.949121593122471,193.4389798490304,4,True,True,True,0.0,0.0,False,False,False,False,False,False,True,True,0,0.0,32.0,94.37189097991907,91.48819162884564,2.8836993510734317,1.6267682667603367e-07,15341.89515779499,269.7401140573336,0.0,0.0,270.97474665970935,1,1,2,/home/user/projects/AIDRBench/results/nature_mainline/commitment_validation_v1/runs/confirmation/job_count/H8P16/repeated_f0.5_1011012.parquet,784e24b50a0c9edf71902ea2b44e7a23d16f3634bb077aa61e741f9bea331f3c,/home/user/projects/AIDRBench/results/nature_mainline/commitment_validation_v1/inputs/confirmation/job_count/1011012/H8P16/hourly_seed_1011012,8e3c1994453387061303f5d3506ca9cda7c683ddc4e60fd30d15e20797ed3678
confirmation,job_count,1011013,H8P16,0.5,repeated,2.949121593122471,193.4389798490304,3,True,True,True,0.0,0.0,False,False,False,False,False,False,True,True,0,0.0,32.0,94.37189097991907,91.54335379751797,2.8285371824011065,2.2737367544323206e-13,15759.693005382995,270.14294929921783,0.0,0.0,270.57140815201683,1,1,5,/home/user/projects/AIDRBench/results/nature_mainline/commitment_validation_v1/runs/confirmation/job_count/H8P16/repeated_f0.5_1011013.parquet,389036173a873abe076ea875a6e003a23243753bdbe86fa4fda84d01a6d55e3e,/home/user/projects/AIDRBench/results/nature_mainline/commitment_validation_v1/inputs/confirmation/job_count/1011013/H8P16/hourly_seed_1011013,ab6486eb9b418a5ebf44b7cb4d8b9eb6b012d509c7ead0cd219c009f99beba91
confirmation,job_count,1011014,H8P16,0.5,repeated,2.949121593122471,193.4389798490304,15,True,True,True,4.163336342344337e-17,6.619060882084889e-21,False,False,False,False,False,False,True,True,0,0.0,32.0,94.37189097991907,91.13940140980816,3.232489570110914,1.0004589512391249e-07,16831.36574905085,269.3153814098939,4.163336342344337e-17,0.0,307.54088988687454,2,2,0,/home/user/projects/AIDRBench/results/nature_mainline/commitment_validation_v1/runs/confirmation/job_count/H8P16/repeated_f0.5_1011014.parquet,9bcea642c9332d0d048d3cbb8f96ba97b026fd254a1dd8ad5f63a115b691d3ac,/home/user/projects/AIDRBench/results/nature_mainline/commitment_validation_v1/inputs/confirmation/job_count/1011014/H8P16/hourly_seed_1011014,c1da92bf36cd12f0b97518601e3182c940564abf548ff19d770182cc6ccaf66e
confirmation,job_count,1011015,H8P16,0.5,repeated,2.949121593122471,193.4389798490304,22,True,True,True,0.0,0.0,False,False,False,False,False,False,True,True,0,0.0,32.0,94.37189097991907,91.73333393202626,2.6385570478928173,-3.410605131648481e-13,14826.82005843585,270.97755074970803,0.0,0.0,280.7500474961481,4,4,0,/home/user/projects/AIDRBench/results/nature_mainline/commitment_validation_v1/runs/confirmation/job_count/H8P16/repeated_f0.5_1011015.parquet,75b1a90f7a63b8173fc5ff82a0f933ec40d7ab0a88efc34701a4d6b42d4262ab,/home/user/projects/AIDRBench/results/nature_mainline/commitment_validation_v1/inputs/confirmation/job_count/1011015/H8P16/hourly_seed_1011015,3e1d5f567148ec13c1813f3d5cf956ee43bda749f4d007d6be6b3a6ca9a77bff
confirmation,job_count,1011016,H8P16,0.5,repeated,2.949121593122471,193.4389798490304,9,True,True,True,0.0,0.0,False,False,False,False,False,False,True,True,0,0.0,32.0,94.37189097991907,91.3648579672851,3.0070330126339684,2.5302966832896345e-07,18496.423501455974,269.2098909159641,0.0,0.0,328.53931758191834,4,4,6,/home/user/projects/AIDRBench/results/nature_mainline/commitment_validation_v1/runs/confirmation/job_count/H8P16/repeated_f0.5_1011016.parquet,c7dc27d46dd32f19a4fb985baece8e29face4e2049cc8a62e2f6384d48bc2103,/home/user/projects/AIDRBench/results/nature_mainline/commitment_validation_v1/inputs/confirmation/job_count/1011016/H8P16/hourly_seed_1011016,74bd627de5fb82b9fe6c5bd173db0ffd44fbd117e61705e7ec33a6f2f5eee48a
confirmation,job_count,1011017,H8P16,0.5,repeated,2.949121593122471,193.4389798490304,5,True,True,True,0.0,0.0,False,False,False,False,False,False,True,True,0,0.0,32.0,94.37189097991907,91.68699744864455,2.6848935312745255,-2.8421709430404007e-13,14700.261155484535,270.00060734052147,0.0,0.0,280.5006521651143,1,1,1,/home/user/projects/AIDRBench/results/nature_mainline/commitment_validation_v1/runs/confirmation/job_count/H8P16/repeated_f0.5_1011017.parquet,05824324241da9c46ca1c98bd4e173578d2357413e9cec34fb2755df3b4ff711,/home/user/projects/AIDRBench/results/nature_mainline/commitment_validation_v1/inputs/confirmation/job_count/1011017/H8P16/hourly_seed_1011017,9820f49bf24c9985ac78c90da4a2abcd83524f8b2cbc1a9f52390586888ec902
confirmation,job_count,1011018,H8P16,0.5,repeated,2.949121593122471,193.4389798490304,0,True,True,True,0.0,0.0,False,False,False,False,False,False,True,True,0,0.0,32.0,94.37189097991907,91.31139978960061,3.0604911903184586,1.1368683772161603e-13,16460.75611741509,269.14642098030805,0.0,0.0,290.80928973291157,7,7,2,/home/user/projects/AIDRBench/results/nature_mainline/commitment_validation_v1/runs/confirmation/job_count/H8P16/repeated_f0.5_1011018.parquet,3b0232923c7eed228ce616293212ce60128f1297eab5f13197244c0d659e5992,/home/user/projects/AIDRBench/results/nature_mainline/commitment_validation_v1/inputs/confirmation/job_count/1011018/H8P16/hourly_seed_1011018,001fb70ef5b760dd12773b45bb53fe3792a975e2a739b35c4a98b4d6892489ed
confirmation,job_count,1011019,H8P16,0.5,repeated,2.949121593122471,193.4389798490304,10,True,True,True,0.0,0.0,False,False,False,False,False,False,True,True,0,0.0,32.0,94.37189097991907,91.33146722576862,3.040423754150453,2.3445892338713747e-07,17681.29316036126,270.220383116539,0.0,0.0,319.6713014046702,0,0,0,/home/user/projects/AIDRBench/results/nature_mainline/commitment_validation_v1/runs/confirmation/job_count/H8P16/repeated_f0.5_1011019.parquet,ebafdc1f7be7ee697491690017a42dec2104002eddc4f31a6e2ce91f2a1522cf,/home/user/projects/AIDRBench/results/nature_mainline/commitment_validation_v1/inputs/confirmation/job_count/1011019/H8P16/hourly_seed_1011019,0b1eb9fabfad0778fac3454309bd9f78454e568b648bfa2ac0cfa8e41a68e403
confirmation,job_count,1011020,H8P16,0.5,repeated,2.949121593122471,193.4389798490304,2,True,True,True,0.0,0.0,False,False,False,False,False,False,True,True,0,0.0,32.0,94.37189097991907,91.30364909571813,3.068241884200944,4.0114463217832963e-07,15842.281517134481,269.4057888328145,0.0,0.0,283.9709458298232,0,0,2,/home/user/projects/AIDRBench/results/nature_mainline/commitment_validation_v1/runs/confirmation/job_count/H8P16/repeated_f0.5_1011020.parquet,531e9a8ca03d84e4351990c87ef769c9585b9819281d3ead41af53c2f998bbfd,/home/user/projects/AIDRBench/results/nature_mainline/commitment_validation_v1/inputs/confirmation/job_count/1011020/H8P16/hourly_seed_1011020,777fb42814a0d18858ba009f3efb49b3a3fbce81452fbdc4b412b6fce6d60e43
confirmation,job_count,1011021,H8P16,0.5,repeated,2.949121593122471,193.4389798490304,2,True,True,True,0.0,0.0,False,False,False,False,False,False,True,True,0,0.0,32.0,94.37189097991907,91.59672435771768,2.7751666222013966,2.07591662665061,16056.016807045617,269.8488607475092,0.0,0.0,276.91305681680853,0,0,5,/home/user/projects/AIDRBench/results/nature_mainline/commitment_validation_v1/runs/confirmation/job_count/H8P16/repeated_f0.5_1011021.parquet,f60f09e51b7a456c5b3ab21db45ea76f3802cd8b3f46f7ba2317a0444b85a62a,/home/user/projects/AIDRBench/results/nature_mainline/commitment_validation_v1/inputs/confirmation/job_count/1011021/H8P16/hourly_seed_1011021,58ec40437ef3c83c5c96bd90d68461192a9698265864ffb83b49744fcbfa8998
confirmation,job_count,1011022,H8P16,0.5,repeated,2.949121593122471,193.4389798490304,16,True,True,True,0.0,0.0,False,False,False,False,False,False,True,True,0,0.0,32.0,94.37189097991907,91.22322294557523,3.1486680343438422,1.7225022475031437e-07,16755.94594660355,269.26072679826314,0.0,0.0,297.3325262669207,3,3,1,/home/user/projects/AIDRBench/results/nature_mainline/commitment_validation_v1/runs/confirmation/job_count/H8P16/repeated_f0.5_1011022.parquet,a32007ecc5508ad1a67b45d727221697bcc1958dd1c443835ee19e2514ece6ee,/home/user/projects/AIDRBench/results/nature_mainline/commitment_validation_v1/inputs/confirmation/job_count/1011022/H8P16/hourly_seed_1011022,db5b82cf299b8a5022b107bdb642cf75f79ca0a17f7e494c52594733fe299f53
confirmation,job_count,1011023,H8P16,0.5,repeated,2.949121593122471,193.4389798490304,8,True,True,True,1.9373391779708982e-14,3.0800696637968344e-18,False,False,False,False,False,False,True,True,0,0.0,32.0,94.37189097991907,91.46415668567772,2.907734294241351,7.121042244762066e-08,18568.03578738498,270.06114428218154,1.9373391779708982e-14,0.0,329.09326083686244,4,4,7,/home/user/projects/AIDRBench/results/nature_mainline/commitment_validation_v1/runs/confirmation/job_count/H8P16/repeated_f0.5_1011023.parquet,e3506190e114b3e10e051e7af7170c8871ba134fc256aa9e3c1e6db4ed7ef260,/home/user/projects/AIDRBench/results/nature_mainline/commitment_validation_v1/inputs/confirmation/job_count/1011023/H8P16/hourly_seed_1011023,232845866d9c317914bd58b38f7f7d22f4bb79eb6400860b1fd95cdb0cfa2885
confirmation,job_count,1011024,H8P16,0.5,repeated,2.949121593122471,193.4389798490304,8,True,True,True,0.0,0.0,False,False,False,False,False,False,True,True,0,0.0,32.0,94.37189097991907,91.40429291213275,2.9675980677863265,9.600290695743752e-08,18376.137444514712,269.7474722954747,0.0,0.0,323.73511438946673,5,5,4,/home/user/projects/AIDRBench/results/nature_mainline/commitment_validation_v1/runs/confirmation/job_count/H8P16/repeated_f0.5_1011024.parquet,902a2c66934ca76eca747b903bd42b525cbce6aacedaf8ab1f1f97aa01fda750,/home/user/projects/AIDRBench/results/nature_mainline/commitment_validation_v1/inputs/confirmation/job_count/1011024/H8P16/hourly_seed_1011024,725e6c6ac08d64dbf1b094addabf91622745a8433b17a0eec2d221f8517c4b94
confirmation,job_count,1011025,H8P16,0.5,repeated,2.949121593122471,193.4389798490304,1,True,True,True,0.0,0.0,False,False,False,False,False,False,True,True,0,0.0,32.0,94.37189097991907,91.46741217056933,2.9044788093497402,1.6072596054073074e-07,15886.891088834484,269.358714412832,0.0,0.0,282.6931910712715,5,5,4,/home/user/projects/AIDRBench/results/nature_mainline/commitment_validation_v1/runs/confirmation/job_count/H8P16/repeated_f0.5_1011025.parquet,94a37d8d8a9ddec3c5c38f1fb7e13b33f9592a0ff15296ba8cbfbdb0115d2e94,/home/user/projects/AIDRBench/results/nature_mainline/commitment_validation_v1/inputs/confirmation/job_count/1011025/H8P16/hourly_seed_1011025,1bb3898551012a80d39ff561994e319336611f6ab2439b225f8a234f73821207
confirmation,job_count,1011026,H8P16,0.5,repeated,2.949121593122471,193.4389798490304,22,True,True,True,0.0,0.0,False,False,False,False,False,False,True,True,0,0.0,32.0,94.37189097991907,91.62146343500865,2.7504275449104227,1.4259597946875147e-07,15083.675542159861,270.1595053459294,0.0,0.0,284.2581620847854,3,3,6,/home/user/projects/AIDRBench/results/nature_mainline/commitment_validation_v1/runs/confirmation/job_count/H8P16/repeated_f0.5_1011026.parquet,0d1ced42626b2ea028b8eed9ac4fe66ec861bbac2c92bc580b45d768a9ef61c5,/home/user/projects/AIDRBench/results/nature_mainline/commitment_validation_v1/inputs/confirmation/job_count/1011026/H8P16/hourly_seed_1011026,b06aaacdc118dad8b873a88258890f593751b704cafc3912a1473b9a5469282f
confirmation,job_count,1011027,H8P16,0.5,repeated,2.949121593122471,193.4389798490304,15,True,True,True,0.0,0.0,False,False,False,False,False,False,True,True,0,0.0,32.0,94.37189097991907,91.58094871169646,2.790942268222608,-2.8421709430404007e-13,18216.371645317296,271.53924290175553,0.0,0.0,310.682708187134,4,4,7,/home/user/projects/AIDRBench/results/nature_mainline/commitment_validation_v1/runs/confirmation/job_count/H8P16/repeated_f0.5_1011027.parquet,c793f514874921d6791b3ccad581c38d84edf3bb8d2368f9c2f630f5c3e87b4c,/home/user/projects/AIDRBench/results/nature_mainline/commitment_validation_v1/inputs/confirmation/job_count/1011027/H8P16/hourly_seed_1011027,d74578ef03c0a3933546df3fd3ff3a5aa1c07ae7066d0ca4555c04c2d02ee368
confirmation,job_count,1011028,H8P16,0.5,repeated,2.949121593122471,193.4389798490304,11,True,True,True,2.220446049250313e-16,3.5301658037786073e-20,False,False,False,False,False,False,True,True,0,0.0,32.0,94.37189097991907,91.47596412288203,2.89592685703704,1.683724235590489e-07,18356.0746779984,270.0616311519711,2.220446049250313e-16,0.0,307.48988048896797,1,1,3,/home/user/projects/AIDRBench/results/nature_mainline/commitment_validation_v1/runs/confirmation/job_count/H8P16/repeated_f0.5_1011028.parquet,2d66f365b4210ba35f9d16cde75279c36bf60278115fc3724c66352d2b30dfd8,/home/user/projects/AIDRBench/results/nature_mainline/commitment_validation_v1/inputs/confirmation/job_count/1011028/H8P16/hourly_seed_1011028,38f3fe5f7957f690e18af35d03561944d37926c9115b4d277db3070c7d22e202
confirmation,job_count,1011029,H8P16,0.5,repeated,2.949121593122471,193.4389798490304,23,True,True,True,0.0,0.0,False,False,False,False,False,False,True,True,0,0.0,32.0,94.37189097991907,91.52043764954152,2.851453330377552,9.695747849036707e-08,14311.599559071268,270.5984459039686,0.0,0.0,280.4865928239817,5,5,4,/home/user/projects/AIDRBench/results/nature_mainline/commitment_validation_v1/runs/confirmation/job_count/H8P16/repeated_f0.5_1011029.parquet,0c9e1ede58013d445cccd26ff18ffcfe4d3d3bb0ec15ca6bc3332a6826a3b1ab,/home/user/projects/AIDRBench/results/nature_mainline/commitment_validation_v1/inputs/confirmation/job_count/1011029/H8P16/hourly_seed_1011029,6e94853a3b63c6405df8e4f36a8dfe6d0706b6bd1d4ac1e9fdfd45700bfc92e2
confirmation,job_count,1011030,H8P16,0.5,repeated,2.949121593122471,193.4389798490304,15,True,True,True,0.0,0.0,False,False,False,False,False,False,True,True,0,0.0,32.0,94.37189097991907,90.99850884192216,3.373382137996913,1.0004481509895413e-07,16574.22664384462,269.3153814098938,0.0,0.0,303.1323473702226,2,2,0,/home/user/projects/AIDRBench/results/nature_mainline/commitment_validation_v1/runs/confirmation/job_count/H8P16/repeated_f0.5_1011030.parquet,eec49d86608d1da86eb8b3c7bfea183fee08381ac36a5134ad8c7bdf20777af4,/home/user/projects/AIDRBench/results/nature_mainline/commitment_validation_v1/inputs/confirmation/job_count/1011030/H8P16/hourly_seed_1011030,52ddeb83464b4a8949e21fee2b7f64aa1f7238ba2ad918834265c6b3ecba0d16
confirmation,job_count,1011031,H8P16,0.5,repeated,2.949121593122471,193.4389798490304,7,True,True,True,8.992806499463768e-15,1.4297171505303358e-18,False,False,False,False,False,False,True,True,0,0.0,32.0,94.37189097991907,91.64284166006638,2.7290493198526917,6.9631482801924e-08,17450.13090307848,270.566567574428,8.992806499463768e-15,0.0,318.1248847438779,4,4,0,/home/user/projects/AIDRBench/results/nature_mainline/commitment_validation_v1/runs/confirmation/job_count/H8P16/repeated_f0.5_1011031.parquet,17e23e80a4c44fc809bd2e748aa4440db9adab9e3be8f6b97931ed8cf8c745e2,/home/user/projects/AIDRBench/results/nature_mainline/commitment_validation_v1/inputs/confirmation/job_count/1011031/H8P16/hourly_seed_1011031,9c4305dbdd78f915fd2564f5430ac2b70b8738ad40091e985a6b22ced5dfe54b
confirmation,job_count,1011032,H8P16,0.5,repeated,2.949121593122471,193.4389798490304,18,True,True,True,0.0,0.0,False,False,False,False,False,False,True,True,0,0.0,32.0,94.37189097991907,91.19890968174684,3.172981298172232,3.534870529620093e-08,15565.224647566045,269.538311117172,0.0,0.0,276.2751643038745,0,0,4,/home/user/projects/AIDRBench/results/nature_mainline/commitment_validation_v1/runs/confirmation/job_count/H8P16/repeated_f0.5_1011032.parquet,d20de8e8683a3df5b601af79f282ac83c8a63403af8b9d16bb086b3794733dc8,/home/user/projects/AIDRBench/results/nature_mainline/commitment_validation_v1/inputs/confirmation/job_count/1011032/H8P16/hourly_seed_1011032,146ef768ff231afce7d5d05424a7d5ba15b9e5749b86f43be4c83f8fcc612d50
confirmation,job_count,1011033,H8P16,0.5,repeated,2.949121593122471,193.4389798490304,14,True,True,True,0.0,0.0,False,False,False,False,False,False,True,True,0,0.0,32.0,94.37189097991907,91.33046890026259,3.041422079656485,-1.1368683772161603e-12,14846.109335078652,269.5922599429066,0.0,0.0,264.68474203264805,1,1,5,/home/user/projects/AIDRBench/results/nature_mainline/commitment_validation_v1/runs/confirmation/job_count/H8P16/repeated_f0.5_1011033.parquet,09f841d343c30e45070ea0f8050e743f4590b7e80249cb1485699c4b89b6e265,/home/user/projects/AIDRBench/results/nature_mainline/commitment_validation_v1/inputs/confirmation/job_count/1011033/H8P16/hourly_seed_1011033,6f821460646ce96d0a1fc68bcae00ab2616bc5192d4f05482671c3ec12d196d4
confirmation,job_count,1011034,H8P16,0.5,repeated,2.949121593122471,193.4389798490304,23,True,True,True,0.0,0.0,False,False,False,False,False,False,True,True,0,0.0,32.0,94.37189097991907,91.53840461802207,2.833486361897002,6.252776074688882e-13,14446.864753510603,270.4668058434015,0.0,0.0,279.9963474197033,4,4,6,/home/user/projects/AIDRBench/results/nature_mainline/commitment_validation_v1/runs/confirmation/job_count/H8P16/repeated_f0.5_1011034.parquet,33631f7fe04de447240196e7910d1123edeb35b81a7419f520fe2ba2585671bf,/home/user/projects/AIDRBench/results/nature_mainline/commitment_validation_v1/inputs/confirmation/job_count/1011034/H8P16/hourly_seed_1011034,42e8a5529c5a0156e08e958ffb5a3d2f9deb3e23406cd96667b7cf3884c8397f
confirmation,job_count,1011035,H8P16,0.5,repeated,2.949121593122471,193.4389798490304,3,True,True,True,0.0,0.0,False,False,False,False,False,False,True,True,0,0.0,32.0,94.37189097991907,91.5788178286083,2.7930731513107787,4.267138820068794e-08,15224.033507221948,269.7342450744627,0.0,0.0,276.61772649517013,1,1,4,/home/user/projects/AIDRBench/results/nature_mainline/commitment_validation_v1/runs/confirmation/job_count/H8P16/repeated_f0.5_1011035.parquet,5ad4291b30a348bd67c5ee002b14f895b4fb8b8811dbf290fbe250d66dce3b06,/home/user/projects/AIDRBench/results/nature_mainline/commitment_validation_v1/inputs/confirmation/job_count/1011035/H8P16/hourly_seed_1011035,a375406d0b8452ead3b76668d6cb7ea2d3e11d2f41e8f8b732e0be7e6102d0b4
confirmation,job_count,1011036,H8P16,0.5,repeated,2.949121593122471,193.4389798490304,7,True,True,True,0.0,0.0,False,False,False,False,False,False,True,True,0,0.0,32.0,94.37189097991907,91.40746226826673,2.964428711652346,-6.821210263296962e-13,18230.400390654748,270.6969903704505,0.0,0.0,331.33101235058217,1,1,7,/home/user/projects/AIDRBench/results/nature_mainline/commitment_validation_v1/runs/confirmation/job_count/H8P16/repeated_f0.5_1011036.parquet,156caab8930d153eaae93a6d817c0158991c647b6644cd54f710ad9d3106f599,/home/user/projects/AIDRBench/results/nature_mainline/commitment_validation_v1/inputs/confirmation/job_count/1011036/H8P16/hourly_seed_1011036,849728ec21e56a9a131dab1a928fbc406cb52c28f9324dec03d6c48372c3a16c
confirmation,job_count,1011037,H8P16,0.5,repeated,2.949121593122471,193.4389798490304,10,True,True,True,0.0,0.0,False,False,False,False,False,False,True,True,0,0.0,32.0,94.37189097991907,91.14954170066909,3.2223492792499826,5.117163937029545e-08,16927.223270441158,268.78935632204985,0.0,0.0,297.36020632963124,0,0,4,/home/user/projects/AIDRBench/results/nature_mainline/commitment_validation_v1/runs/confirmation/job_count/H8P16/repeated_f0.5_1011037.parquet,f4d1a4182a6ec709dd33b2e256ac827f6c9fc0c937dbfc66368e522762cfee7c,/home/user/projects/AIDRBench/results/nature_mainline/commitment_validation_v1/inputs/confirmation/job_count/1011037/H8P16/hourly_seed_1011037,eadf2582795edcedac00e7e6c4ca196316f9e03efd287180d3987488e729a4d0
confirmation,job_count,1011038,H8P16,0.5,repeated,2.949121593122471,193.4389798490304,18,True,True,True,0.0,0.0,False,False,False,False,False,False,True,True,0,0.0,32.0,94.37189097991907,91.44175687149982,2.930134108419253,3.534921688697068e-08,15323.57684269201,269.3624914817808,0.0,0.0,276.0993446684833,0,0,4,/home/user/projects/AIDRBench/results/nature_mainline/commitment_validation_v1/runs/confirmation/job_count/H8P16/repeated_f0.5_1011038.parquet,a2f7d053cf67081bf2ab9a6c54d08adf20b78aa9cbe53ac510f713ab28552c89,/home/user/projects/AIDRBench/results/nature_mainline/commitment_validation_v1/inputs/confirmation/job_count/1011038/H8P16/hourly_seed_1011038,17d0621f47f94b0b1fa772d9ee88919641ac45993c0782e9b5d91898109b71ae
confirmation,job_count,1011039,H8P16,0.5,repeated,2.949121593122471,193.4389798490304,10,True,True,True,4.107825191113079e-15,6.530806736990424e-19,False,False,False,False,False,False,True,True,0,0.0,32.0,94.37189097991907,91.04447723549225,3.3274137444268206,-4.547473508864641e-13,16979.439969055908,268.74972334271706,4.107825191113079e-15,0.0,308.06994187743726,2,2,1,/home/user/projects/AIDRBench/results/nature_mainline/commitment_validation_v1/runs/confirmation/job_count/H8P16/repeated_f0.5_1011039.parquet,4bd04e4950364f9263bf4a41d318e78ec72c2022d86f095cd7ea948bb99859f2,/home/user/projects/AIDRBench/results/nature_mainline/commitment_validation_v1/inputs/confirmation/job_count/1011039/H8P16/hourly_seed_1011039,fc2330ed144f9d3a574734be3296295f35fe460c04f8741f4b09f387c035d159
confirmation,job_count,1011040,H8P16,0.5,repeated,2.949121593122471,193.4389798490304,8,True,True,True,0.0,0.0,False,False,False,False,False,False,True,True,0,0.0,32.0,94.37189097991907,91.55042658167156,2.821464398247514,9.003787226902205e-08,19444.738872129677,269.72175292782435,0.0,0.0,328.7454716220677,7,7,5,/home/user/projects/AIDRBench/results/nature_mainline/commitment_validation_v1/runs/confirmation/job_count/H8P16/repeated_f0.5_1011040.parquet,e3843617fcfb1a501a8a0fc4f32c59ea3dc39e6a9c51055d2cdb03ae747cabfa,/home/user/projects/AIDRBench/results/nature_mainline/commitment_validation_v1/inputs/confirmation/job_count/1011040/H8P16/hourly_seed_1011040,2109ed3b5d9882115b9f3469a825c2373dd462741d231a4a44b214a5568d8da3
confirmation,job_count,1011041,H8P16,0.5,repeated,2.949121593122471,193.4389798490304,15,True,True,True,2.4980018054066022e-15,3.9714365292509323e-19,False,False,False,False,False,False,True,True,0,0.0,32.0,94.37189097991907,91.74295063235252,2.628940347566555,-3.979039320256561e-13,18176.366405413373,271.16187093491664,2.4980018054066022e-15,0.0,309.8429981303523,5,5,7,/home/user/projects/AIDRBench/results/nature_mainline/commitment_validation_v1/runs/confirmation/job_count/H8P16/repeated_f0.5_1011041.parquet,7ae9d93753802c6a467bea32d3cf200a8241f1f349b22290a2a7ed76871131a7,/home/user/projects/AIDRBench/results/nature_mainline/commitment_validation_v1/inputs/confirmation/job_count/1011041/H8P16/hourly_seed_1011041,da13e1cad673cb6b97c4e0439f708d8812b6d24c4a49cfa59aa62bafd1c0833c
confirmation,job_count,1011042,H8P16,0.5,repeated,2.949121593122471,193.4389798490304,15,True,True,True,0.0,0.0,False,False,False,False,False,False,True,True,0,0.0,32.0,94.37189097991907,91.30192075807184,3.0699702218472282,3.410605131648481e-13,16724.867875504748,268.85970436906797,0.0,0.0,302.9927256787295,3,3,4,/home/user/projects/AIDRBench/results/nature_mainline/commitment_validation_v1/runs/confirmation/job_count/H8P16/repeated_f0.5_1011042.parquet,211fcb64a02dae3a3dafb6b1398016e99aa7d579017a5d14450d92ad1be81197,/home/user/projects/AIDRBench/results/nature_mainline/commitment_validation_v1/inputs/confirmation/job_count/1011042/H8P16/hourly_seed_1011042,533f89950b9363818917795470adc2848146864a79b6de0b5847a682de96c09c
confirmation,job_count,1011043,H8P16,0.5,repeated,2.949121593122471,193.4389798490304,4,True,True,True,0.0,0.0,False,False,False,False,False,False,True,True,0,0.0,32.0,94.37189097991907,91.38845960827751,2.983431371641558,1.6267767932731658e-07,15432.11543176655,269.58018656996023,0.0,0.0,275.08093960614355,1,1,2,/home/user/projects/AIDRBench/results/nature_mainline/commitment_validation_v1/runs/confirmation/job_count/H8P16/repeated_f0.5_1011043.parquet,04600d17d7d2ecb20c63eb48728c8e8add11f44cd20af4fcb7a2cb2168ae05a2,/home/user/projects/AIDRBench/results/nature_mainline/commitment_validation_v1/inputs/confirmation/job_count/1011043/H8P16/hourly_seed_1011043,45fe8c90cc6314d87d52d31fd89e475e7a61fbd3fdc25d7123bbc383f5c76164
confirmation,job_count,1011044,H8P16,0.5,repeated,2.949121593122471,193.4389798490304,18,True,True,True,0.0,0.0,False,False,False,False,False,False,True,True,0,0.0,32.0,94.37189097991907,91.40393309794234,2.96795788197673,3.534910320013296e-08,15651.683956172576,269.7744324140547,0.0,0.0,282.84671443471865,1,1,4,/home/user/projects/AIDRBench/results/nature_mainline/commitment_validation_v1/runs/confirmation/job_count/H8P16/repeated_f0.5_1011044.parquet,955d83dc363251a01f68d8772b9761a593717a7b2ef1397f0c393c1defa54502,/home/user/projects/AIDRBench/results/nature_mainline/commitment_validation_v1/inputs/confirmation/job_count/1011044/H8P16/hourly_seed_1011044,5a22f874f5984c233f9d0578121cc5ac3dcc57bfd0310cd95f9265c54adae458
confirmation,job_count,1011045,H8P16,0.5,repeated,2.949121593122471,193.4389798490304,1,True,True,True,0.0,0.0,False,False,False,False,False,False,True,True,0,0.0,32.0,94.37189097991907,91.34865883832168,3.02323214159739,1.6072584685389302e-07,15146.9772486847,269.30609781661013,0.0,0.0,276.305145641088,0,0,4,/home/user/projects/AIDRBench/results/nature_mainline/commitment_validation_v1/runs/confirmation/job_count/H8P16/repeated_f0.5_1011045.parquet,1cd5ff16183bacca4d2b8ca117aa1e429d1d85cf911b787f9cfa01bad0ccb256,/home/user/projects/AIDRBench/results/nature_mainline/commitment_validation_v1/inputs/confirmation/job_count/1011045/H8P16/hourly_seed_1011045,2e28a437c0cdb2ee1044a2c2133f3fa401fbda6780d5cf14b15192776525eb35
confirmation,job_count,1011046,H8P16,0.5,repeated,2.949121593122471,193.4389798490304,5,True,True,True,0.0,0.0,False,False,False,False,False,False,True,True,0,0.0,32.0,94.37189097991907,91.30402040357001,3.0678705763490655,-3.410605131648481e-13,15400.088154081164,269.7193233732104,0.0,0.0,269.64580237044356,0,0,6,/home/user/projects/AIDRBench/results/nature_mainline/commitment_validation_v1/runs/confirmation/job_count/H8P16/repeated_f0.5_1011046.parquet,af2351e0a69366c9b893986026c10591b23e07ce22103e3fef9fae4e09e24c5d,/home/user/projects/AIDRBench/results/nature_mainline/commitment_validation_v1/inputs/confirmation/job_count/1011046/H8P16/hourly_seed_1011046,b53531651da6f430a2b4f63e2826f5b9daf505afc0f917588b72667ae01de193
confirmation,job_count,1011047,H8P16,0.5,repeated,2.949121593122471,193.4389798490304,14,True,True,True,0.0,0.0,False,False,False,False,False,False,True,True,0,0.0,32.0,94.37189097991907,91.05832594268401,3.3135650372350653,2.8473491350745235,16535.202778618986,269.2251156415206,0.0,0.0,297.92275613993263,2,2,0,/home/user/projects/AIDRBench/results/nature_mainline/commitment_validation_v1/runs/confirmation/job_count/H8P16/repeated_f0.5_1011047.parquet,d875dda7258a78e95ca1e710a38dab21b2cee65d1887019899632599ac53d5eb,/home/user/projects/AIDRBench/results/nature_mainline/commitment_validation_v1/inputs/confirmation/job_count/1011047/H8P16/hourly_seed_1011047,a9ba2cf2f074429a9ce956420a5f7fbbe65f63f97bd29ae3c5ebbf86e24caae5
confirmation,job_count,1011048,H8P16,0.5,repeated,2.949121593122471,193.4389798490304,0,True,True,True,0.0,0.0,False,False,False,False,False,False,True,True,0,0.0,32.0,94.37189097991907,91.37293322113834,2.9989577587807332,0.0,15543.228281920161,269.2702246607696,0.0,0.0,275.8448843620356,6,6,6,/home/user/projects/AIDRBench/results/nature_mainline/commitment_validation_v1/runs/confirmation/job_count/H8P16/repeated_f0.5_1011048.parquet,928bf41a83060de73ee74d3413246d7de1e5d23496d8a338921a64216a684fe3,/home/user/projects/AIDRBench/results/nature_mainline/commitment_validation_v1/inputs/confirmation/job_count/1011048/H8P16/hourly_seed_1011048,38df29f599f9f8789c1b67a4b6765cd42e03cddf6df8b8a2b2d4371e40ddb435
confirmation,job_count,1011049,H8P16,0.5,repeated,2.949121593122471,193.4389798490304,21,True,True,True,0.0,0.0,False,False,False,False,False,False,True,True,0,0.0,32.0,94.37189097991907,91.84156571217545,2.5303252677436205,6.090391480029211e-08,15873.663032613247,271.08693955076376,0.0,0.0,283.0423504300686,2,2,3,/home/user/projects/AIDRBench/results/nature_mainline/commitment_validation_v1/runs/confirmation/job_count/H8P16/repeated_f0.5_1011049.parquet,4084189842e011eeb12302cd19e1431839784c35543ef4c69f55406c406fd565,/home/user/projects/AIDRBench/results/nature_mainline/commitment_validation_v1/inputs/confirmation/job_count/1011049/H8P16/hourly_seed_1011049,34c63322f85c0405f796b6b80373048defc2a515ef71db7bc1332899bd75fd8f
confirmation,job_count,1011050,H8P16,0.5,repeated,2.949121593122471,193.4389798490304,10,True,True,True,2.220446049250313e-15,3.5301658037786064e-19,False,False,False,False,False,False,True,True,0,0.0,32.0,94.37189097991907,91.29966031978216,3.07223066013691,2.1481207568285754e-07,18501.34853604939,269.40623811001365,2.220446049250313e-15,0.0,320.87249184281444,0,0,7,/home/user/projects/AIDRBench/results/nature_mainline/commitment_validation_v1/runs/confirmation/job_count/H8P16/repeated_f0.5_1011050.parquet,e8fc0503d9699fbf1e789c3a82cb8fdcba41fc8f63284f260442c8fe9582fa59,/home/user/projects/AIDRBench/results/nature_mainline/commitment_validation_v1/inputs/confirmation/job_count/1011050/H8P16/hourly_seed_1011050,97e09692f7a9ed5d8688df9c70779a3d6b7a6489402f1172fff778ae15c00d59
confirmation,job_count,1011051,H8P16,0.5,repeated,2.949121593122471,193.4389798490304,22,True,True,True,0.0,0.0,False,False,False,False,False,False,True,True,0,0.0,32.0,94.37189097991907,91.5479325346609,2.823958445258171,1.6689864423824474e-07,14621.103773347775,270.74018779039363,0.0,0.0,276.05776591882665,2,2,4,/home/user/projects/AIDRBench/results/nature_mainline/commitment_validation_v1/runs/confirmation/job_count/H8P16/repeated_f0.5_1011051.parquet,f408f2b3d9634d13d0bad69d9728c30e0200f5e20e3b4533a6ff1ed6217003de,/home/user/projects/AIDRBench/results/nature_mainline/commitment_validation_v1/inputs/confirmation/job_count/1011051/H8P16/hourly_seed_1011051,726ae39e5a416f913c7590f40735e594b658a169604f3e0fe1ff11548604edee
confirmation,job_count,1011052,H8P16,0.5,repeated,2.949121593122471,193.4389798490304,22,True,True,True,0.0,0.0,False,False,False,False,False,False,True,True,0,0.0,32.0,94.37189097991907,91.51866809129069,2.8532228886283804,6.702026666971506e-08,14815.359080639437,269.9826504261408,0.0,0.0,272.70520395738316,2,2,2,/home/user/projects/AIDRBench/results/nature_mainline/commitment_validation_v1/runs/confirmation/job_count/H8P16/repeated_f0.5_1011052.parquet,39ce5d46c85c8b5fb4aa290b675eb965f27c497b677bacc7153552ff579b1167,/home/user/projects/AIDRBench/results/nature_mainline/commitment_validation_v1/inputs/confirmation/job_count/1011052/H8P16/hourly_seed_1011052,d2f709604b36d1cce0b684722752a85a7276aa1dee04a2ccd1f3da2e9b14e380
confirmation,job_count,1011053,H8P16,0.5,repeated,2.949121593122471,193.4389798490304,6,True,True,True,0.0,0.0,False,False,False,False,False,False,True,True,0,0.0,32.0,94.37189097991907,91.26204424213194,3.1098467377871373,2.336214492970612e-07,16000.071948893532,269.3574732231322,0.0,0.0,291.1235970474628,1,1,6,/home/user/projects/AIDRBench/results/nature_mainline/commitment_validation_v1/runs/confirmation/job_count/H8P16/repeated_f0.5_1011053.parquet,bb0b4f201e7887c31a21ce40899c19b97f9599c04c527dfbb2d1dbf6bc16bbd5,/home/user/projects/AIDRBench/results/nature_mainline/commitment_validation_v1/inputs/confirmation/job_count/1011053/H8P16/hourly_seed_1011053,f5faefcf6e0dca751a5bb4a90ad6418a0a469ae4436f9cd26f966e0f93e068be
confirmation,job_count,1011054,H8P16,0.5,repeated,2.949121593122471,193.4389798490304,1,True,True,True,0.0,0.0,False,False,False,False,False,False,True,True,0,0.0,32.0,94.37189097991907,91.23704335605714,3.13484762386193,2.8421709430404007e-13,16599.26994427093,268.99785195647013,0.0,0.0,294.4713290284609,3,3,6,/home/user/projects/AIDRBench/results/nature_mainline/commitment_validation_v1/runs/confirmation/job_count/H8P16/repeated_f0.5_1011054.parquet,3524879631fc3298ad3bc299305b45fba2f341211299e69a8351b32c5807f07c,/home/user/projects/AIDRBench/results/nature_mainline/commitment_validation_v1/inputs/confirmation/job_count/1011054/H8P16/hourly_seed_1011054,ba3eebbf169d0f75afcba9b8ea7239b20f43c0d66274b3c0305cf2dae529abfe
confirmation,job_count,1011055,H8P16,0.5,repeated,2.949121593122471,193.4389798490304,16,True,True,True,0.0,0.0,False,False,False,False,False,False,True,True,0,0.0,32.0,94.37189097991907,91.27950417186236,3.092386808056716,2.4344558369193692e-08,17103.752001383284,269.830412661093,0.0,0.0,296.1133360049381,2,2,5,/home/user/projects/AIDRBench/results/nature_mainline/commitment_validation_v1/runs/confirmation/job_count/H8P16/repeated_f0.5_1011055.parquet,91838b4a86b90f46f82d267082f179407a3f77330bdf2ab73ae687097ec56d77,/home/user/projects/AIDRBench/results/nature_mainline/commitment_validation_v1/inputs/confirmation/job_count/1011055/H8P16/hourly_seed_1011055,e4f8a1a5e620545e05998f066f090af65fd089472525ccbe12e9fc5c1a705a47
confirmation,job_count,1011056,H8P16,0.5,repeated,2.949121593122471,193.4389798490304,19,True,True,True,0.0,0.0,False,False,False,False,False,False,True,True,0,0.0,32.0,94.37189097991907,91.25313510521278,3.118755874706295,0.5208553590455836,15048.64204934422,269.8993273438929,0.0,0.0,271.17360586247395,1,1,4,/home/user/projects/AIDRBench/results/nature_mainline/commitment_validation_v1/runs/confirmation/job_count/H8P16/repeated_f0.5_1011056.parquet,bc5eaedfa20af41037f567e7ef200909673df7faab40a7c2050a75d5510c4e66,/home/user/projects/AIDRBench/results/nature_mainline/commitment_validation_v1/inputs/confirmation/job_count/1011056/H8P16/hourly_seed_1011056,fcbe703e93917ecf6a624dcb5610220b20c2dbfa52fada16338740274732d23c
confirmation,job_count,1011057,H8P16,0.5,repeated,2.949121593122471,193.4389798490304,14,True,True,True,0.0,0.0,False,False,False,False,False,False,True,True,0,0.0,32.0,94.37189097991907,91.19514658501691,3.1767443949021583,2.801744387170686,16109.728031497718,269.2251156415206,0.0,0.0,296.8856679896866,2,2,0,/home/user/projects/AIDRBench/results/nature_mainline/commitment_validation_v1/runs/confirmation/job_count/H8P16/repeated_f0.5_1011057.parquet,17042d38cf25c92cdfb46617e55ba66eba4b26c975fc7fc021e3d175f1196b84,/home/user/projects/AIDRBench/results/nature_mainline/commitment_validation_v1/inputs/confirmation/job_count/1011057/H8P16/hourly_seed_1011057,0d6a70117dec6d4ea793397be86663b5344e3fc922a09e847d234a633a8c35d6
confirmation,job_count,1011058,H8P16,0.5,repeated,2.949121593122471,193.4389798490304,16,True,True,True,0.0,0.0,False,False,False,False,False,False,True,True,0,0.0,32.0,94.37189097991907,91.13982021711445,3.232070762804625,2.8421709430404007e-13,16783.803898007885,268.81535809226006,0.0,0.0,302.02183297047566,7,7,4,/home/user/projects/AIDRBench/results/nature_mainline/commitment_validation_v1/runs/confirmation/job_count/H8P16/repeated_f0.5_1011058.parquet,28a93aebcd45e6e410ec6f6de42ba185c7d2cabf088d336df6713c02c7c1eebf,/home/user/projects/AIDRBench/results/nature_mainline/commitment_validation_v1/inputs/confirmation/job_count/1011058/H8P16/hourly_seed_1011058,c05df3de7bf7e1c78c5f3504e358751d02d95094a2a02faafe305fe87fc89b32
confirmation,job_count,1011059,H8P16,0.5,repeated,2.949121593122471,193.4389798490304,12,True,True,True,0.0,0.0,False,False,False,False,False,False,True,True,0,0.0,32.0,94.37189097991907,91.41344431748024,2.9584466624388313,9.409063750354107e-09,17182.723099240866,269.1358120554684,0.0,0.0,302.581055558034,1,1,7,/home/user/projects/AIDRBench/results/nature_mainline/commitment_validation_v1/runs/confirmation/job_count/H8P16/repeated_f0.5_1011059.parquet,7dc1c32ee90a9673c5b4f55d50488ad6001071b3a99824d4c896eefec8db0b6e,/home/user/projects/AIDRBench/results/nature_mainline/commitment_validation_v1/inputs/confirmation/job_count/1011059/H8P16/hourly_seed_1011059,3bac441c0edaefb9cdfac26ede9408a99dcce1070cb914db604db09050754765
confirmation,job_count,1011060,H8P16,0.5,repeated,2.949121593122471,193.4389798490304,1,True,True,True,2.2870594307278225e-14,3.6360707778919656e-18,False,False,False,False,False,False,True,True,0,0.0,32.0,94.37189097991907,91.34053098429706,3.0313599956220116,0.0,16576.097850934995,269.4024976912672,2.2870594307278225e-14,0.0,288.7343110285,3,3,0,/home/user/projects/AIDRBench/results/nature_mainline/commitment_validation_v1/runs/confirmation/job_count/H8P16/repeated_f0.5_1011060.parquet,31f4cea80317afc2393d76631801f04b59b899650d14121588d407cfa548b041,/home/user/projects/AIDRBench/results/nature_mainline/commitment_validation_v1/inputs/confirmation/job_count/1011060/H8P16/hourly_seed_1011060,20758fceca5a3cb25615bc10c4d74aaeb8fa691566d4e27c910a131fbd99d626
confirmation,job_count,1011061,H8P16,0.5,repeated,2.949121593122471,193.4389798490304,20,True,True,True,3.913536161803677e-14,6.221917229159795e-18,False,False,False,False,False,False,True,True,0,0.0,32.0,94.37189097991907,92.21039642936455,2.161494550554522,-7.389644451905042e-13,15823.569420833697,274.4036644931192,3.913536161803677e-14,0.0,275.4316530427117,0,0,7,/home/user/projects/AIDRBench/results/nature_mainline/commitment_validation_v1/runs/confirmation/job_count/H8P16/repeated_f0.5_1011061.parquet,abc20089386e71a38772daee3b0597e23a5aa334774e14d0c882a3b3c081620c,/home/user/projects/AIDRBench/results/nature_mainline/commitment_validation_v1/inputs/confirmation/job_count/1011061/H8P16/hourly_seed_1011061,55aad209ac977c02b4717f9cb57f6ac65188816c58e402547adb647accc3d768
confirmation,job_count,1011062,H8P16,0.5,repeated,2.949121593122471,193.4389798490304,10,True,True,True,0.0,0.0,False,False,False,False,False,False,True,True,0,0.0,32.0,94.37189097991907,91.4995394315763,2.8723515483427775,7.389644451905042e-13,19849.03264744005,270.77465489421104,0.0,0.0,328.5538754004348,2,2,3,/home/user/projects/AIDRBench/results/nature_mainline/commitment_validation_v1/runs/confirmation/job_count/H8P16/repeated_f0.5_1011062.parquet,ac8081bb53834ca589af83913e3c723ea9b16ef783f2d781be76cac2a578abb8,/home/user/projects/AIDRBench/results/nature_mainline/commitment_validation_v1/inputs/confirmation/job_count/1011062/H8P16/hourly_seed_1011062,36f4babd575172f0fe5cbc3e94e2ca666127b9c2126aebf86c031eca0da73d5b
confirmation,job_count,1011063,H8P16,0.5,repeated,2.949121593122471,193.4389798490304,8,True,True,True,0.0,0.0,False,False,False,False,False,False,True,True,0,0.0,32.0,94.37189097991907,91.3625724973665,3.0093184825525725,1.1408957334424485e-07,18462.365491737954,268.86868257400477,0.0,0.0,325.4377628305223,5,5,6,/home/user/projects/AIDRBench/results/nature_mainline/commitment_validation_v1/runs/confirmation/job_count/H8P16/repeated_f0.5_1011063.parquet,96f6a707d6d1dbd4423772b547343b7521ba09f0c630fd1cbaa39bd323bc0ded,/home/user/projects/AIDRBench/results/nature_mainline/commitment_validation_v1/inputs/confirmation/job_count/1011063/H8P16/hourly_seed_1011063,93ec9595ee98d4de573062ad2135b644fed92780aff81713d190cffe76cc84e9
confirmation,job_count,1011064,H8P16,0.5,repeated,2.949121593122471,193.4389798490304,15,True,True,True,0.0,0.0,False,False,False,False,False,False,True,True,0,0.0,32.0,94.37189097991907,91.48276287217607,2.889128107743005,2.2737367544323206e-13,16728.761966231443,269.7448399305037,0.0,0.0,298.0110227218263,5,5,2,/home/user/projects/AIDRBench/results/nature_mainline/commitment_validation_v1/runs/confirmation/job_count/H8P16/repeated_f0.5_1011064.parquet,615d3dba48994651a7741f63c01e2ce7c034c4d62e154c172dd3e88580923b26,/home/user/projects/AIDRBench/results/nature_mainline/commitment_validation_v1/inputs/confirmation/job_count/1011064/H8P16/hourly_seed_1011064,8716692815e843a6656b03b64d8e5f28f44425be6c1eda8cda57b78c2bf76adf
confirmation,job_count,1011065,H8P16,0.5,repeated,2.949121593122471,193.4389798490304,0,True,True,True,0.0,0.0,False,False,False,False,False,False,True,True,0,0.0,32.0,94.37189097991907,91.22224112684842,3.149649853070656,4.9864127049659146e-08,15773.586705834845,269.49311682675716,0.0,0.0,281.0526556310706,4,4,1,/home/user/projects/AIDRBench/results/nature_mainline/commitment_validation_v1/runs/confirmation/job_count/H8P16/repeated_f0.5_1011065.parquet,e93bd553b5f38a48b02fb6581231a42da15a1ff2c4926f9ef0a6c169e020cf20,/home/user/projects/AIDRBench/results/nature_mainline/commitment_validation_v1/inputs/confirmation/job_count/1011065/H8P16/hourly_seed_1011065,24ab20fdea73d293a8c318608f2b916c2e85635428a88074384acd3045423025
confirmation,job_count,1011066,H8P16,0.5,repeated,2.949121593122471,193.4389798490304,14,True,True,True,0.0,0.0,False,False,False,False,False,False,True,True,0,0.0,32.0,94.37189097991907,91.23996711977378,3.1319238601452923,-4.547473508864641e-13,16102.210658832239,269.5922599429065,0.0,0.0,283.7207100681074,3,3,5,/home/user/projects/AIDRBench/results/nature_mainline/commitment_validation_v1/runs/confirmation/job_count/H8P16/repeated_f0.5_1011066.parquet,f83c6710cf537bce6ee9be90d780f620239a501c4ef50c25fb0e990d2eab15f2,/home/user/projects/AIDRBench/results/nature_mainline/commitment_validation_v1/inputs/confirmation/job_count/1011066/H8P16/hourly_seed_1011066,a00acf57ea370188c5141bda702220c38bdd27aad513ff21a18bc0fd8f6d95a5
confirmation,job_count,1011067,H8P16,0.5,repeated,2.949121593122471,193.4389798490304,12,True,True,True,0.0,0.0,False,False,False,False,False,False,True,True,0,0.0,32.0,94.37189097991907,90.97439024498232,3.397500734936756,8.905954018700868e-08,16837.977498971188,268.48475877881555,0.0,0.0,305.27736762634765,1,1,1,/home/user/projects/AIDRBench/results/nature_mainline/commitment_validation_v1/runs/confirmation/job_count/H8P16/repeated_f0.5_1011067.parquet,33aa7b60bc0d013fc4d8423191f21430a2862e0f6385a121c7c8ab6193e30bf5,/home/user/projects/AIDRBench/results/nature_mainline/commitment_validation_v1/inputs/confirmation/job_count/1011067/H8P16/hourly_seed_1011067,b7d91d094b4f4a82709f0828a12324f5a20ab99ffa55236d96be6cde4b3f0596
confirmation,job_count,1011068,H8P16,0.5,repeated,2.949121593122471,193.4389798490304,6,True,True,True,0.0,0.0,False,False,False,False,False,False,True,True,0,0.0,32.0,94.37189097991907,91.32398145196782,3.047909527951248,2.33620710332616e-07,14262.478788671619,269.46245232097533,0.0,0.0,266.2271228765401,4,4,6,/home/user/projects/AIDRBench/results/nature_mainline/commitment_validation_v1/runs/confirmation/job_count/H8P16/repeated_f0.5_1011068.parquet,39675ec358304a4b42e8255e95413d85da503a8046cb36ffba85dd4295c745bb,/home/user/projects/AIDRBench/results/nature_mainline/commitment_validation_v1/inputs/confirmation/job_count/1011068/H8P16/hourly_seed_1011068,3fb6a1e34e879451efa14d64cb071981b13627b478be99264e5bc802f76e46f5
confirmation,job_count,1011069,H8P16,0.5,repeated,2.949121593122471,193.4389798490304,10,True,True,True,0.0,0.0,False,False,False,False,False,False,True,True,0,0.0,32.0,94.37189097991907,91.50905395279165,2.8628370271274264,9.094947017729282e-13,19247.373597588234,270.554667740204,0.0,0.0,317.18066568837173,0,0,3,/home/user/projects/AIDRBench/results/nature_mainline/commitment_validation_v1/runs/confirmation/job_count/H8P16/repeated_f0.5_1011069.parquet,297474edb054159f4b7543ce1c2a72736ee32137c99227e233fc3fa9bc9313b3,/home/user/projects/AIDRBench/results/nature_mainline/commitment_validation_v1/inputs/confirmation/job_count/1011069/H8P16/hourly_seed_1011069,ec8956f7edc757f29913bccda43c39036a50d355cda91b3483d9b3ac0d4dc106
confirmation,job_count,1011070,H8P16,0.5,repeated,2.949121593122471,193.4389798490304,20,True,True,True,8.43769498715119e-15,1.3414630054358707e-18,False,False,False,False,False,False,True,True,0,0.0,32.0,94.37189097991907,91.67451326921952,2.6973777106995556,3.01610921431228,15486.837140662565,270.2450570758949,8.43769498715119e-15,0.0,277.7034314913078,0,0,6,/home/user/projects/AIDRBench/results/nature_mainline/commitment_validation_v1/runs/confirmation/job_count/H8P16/repeated_f0.5_1011070.parquet,e0372a45290cc7676b27012f64128c0361e255ba74e28d896e937862988c84a0,/home/user/projects/AIDRBench/results/nature_mainline/commitment_validation_v1/inputs/confirmation/job_count/1011070/H8P16/hourly_seed_1011070,21c43add7460f015d6d1661586979f2d89c84b657b8f5f711252acb76500d40c
confirmation,job_count,1011071,H8P16,0.5,repeated,2.949121593122471,193.4389798490304,4,True,True,True,0.0,0.0,False,False,False,False,False,False,True,True,0,0.0,32.0,94.37189097991907,91.4625379933637,2.909352986555376,8.195576128855464e-08,14432.793947748543,269.98787497425934,0.0,0.0,269.00433326734316,1,1,1,/home/user/projects/AIDRBench/results/nature_mainline/commitment_validation_v1/runs/confirmation/job_count/H8P16/repeated_f0.5_1011071.parquet,ee67a3a887d9b7d541caa22cc371305667f15ebc04989e04a0f9e4f4763d2dbf,/home/user/projects/AIDRBench/results/nature_mainline/commitment_validation_v1/inputs/confirmation/job_count/1011071/H8P16/hourly_seed_1011071,3ff4d89977100e48687989f46dba7c817ae5a69296cf8e6ea79109bf0ddf1b46
confirmation,job_count,1011072,H8P16,0.5,repeated,2.949121593122471,193.4389798490304,18,True,True,True,0.0,0.0,False,False,False,False,False,False,True,True,0,0.0,32.0,94.37189097991907,92.15899914236098,2.2128918375580895,4.36686320881563e-07,16136.669705514234,273.2394059798129,0.0,0.0,283.0854500720912,0,0,7,/home/user/projects/AIDRBench/results/nature_mainline/commitment_validation_v1/runs/confirmation/job_count/H8P16/repeated_f0.5_1011072.parquet,db5fa3ba27adf57c0c424e3e03e28bc4fdccc7b7f15e4ba3cbdaa2e16f402b9f,/home/user/projects/AIDRBench/results/nature_mainline/commitment_validation_v1/inputs/confirmation/job_count/1011072/H8P16/hourly_seed_1011072,bc767f05c67dcaa658eae09eb0af5c8fc497106dc9429b8b2b66ab3df3f58524
confirmation,job_count,1011073,H8P16,0.5,repeated,2.949121593122471,193.4389798490304,14,True,True,True,0.0,0.0,False,False,False,False,False,False,True,True,0,0.0,32.0,94.37189097991907,91.60281717310215,2.7690738068169196,2.0068847561560688e-07,16928.04492686341,270.92628835067507,0.0,0.0,296.92019223969095,1,1,7,/home/user/projects/AIDRBench/results/nature_mainline/commitment_validation_v1/runs/confirmation/job_count/H8P16/repeated_f0.5_1011073.parquet,4157d70c5e43a7bbb52960f5666bfb4ce00c2a046e80226359677bb1844b0eb9,/home/user/projects/AIDRBench/results/nature_mainline/commitment_validation_v1/inputs/confirmation/job_count/1011073/H8P16/hourly_seed_1011073,603b045f3709aeffb77bfa4a33f9a01a9e3fc9c802c89817bd0534f14665a24d
confirmation,job_count,1011074,H8P16,0.5,repeated,2.949121593122471,193.4389798490304,0,True,True,True,0.0,0.0,False,False,False,False,False,False,True,True,0,0.0,32.0,94.37189097991907,91.43864140462483,2.9332495752942407,1.7053025658242404e-13,16197.250986647272,269.13792177519565,0.0,0.0,290.94442139003513,5,5,2,/home/user/projects/AIDRBench/results/nature_mainline/commitment_validation_v1/runs/confirmation/job_count/H8P16/repeated_f0.5_1011074.parquet,1ca6b8b10058204a93b041e506d3454bc910576e5ebce39a9ee22a4f191ed431,/home/user/projects/AIDRBench/results/nature_mainline/commitment_validation_v1/inputs/confirmation/job_count/1011074/H8P16/hourly_seed_1011074,c8e61b00fbbce0c1fe393a6058ae4244a0bf20c9854a2b7087a3b13c5b37bf20
confirmation,job_count,1011075,H8P16,0.5,repeated,2.949121593122471,193.4389798490304,6,True,True,True,0.0,0.0,False,False,False,False,False,False,True,True,0,0.0,32.0,94.37189097991907,91.4359677745316,2.9359232053874678,2.3362139245364233e-07,16101.896685250262,269.3006355451766,0.0,0.0,288.76417139519776,1,1,6,/home/user/projects/AIDRBench/results/nature_mainline/commitment_validation_v1/runs/confirmation/job_count/H8P16/repeated_f0.5_1011075.parquet,73d87863427fdf2ff4c21017a2ef7acdc7fc688013a793236f356c5f0cbc2dcd,/home/user/projects/AIDRBench/results/nature_mainline/commitment_validation_v1/inputs/confirmation/job_count/1011075/H8P16/hourly_seed_1011075,bcc4cb3456c2eb8c8cd735d07f2fc4552cfc0642cd48219b5a8f8d90e7fa4e97
confirmation,job_count,1011076,H8P16,0.5,repeated,2.949121593122471,193.4389798490304,6,True,True,True,4.1466829969749597e-14,6.592584638556549e-18,False,False,False,False,False,False,True,True,0,0.0,32.0,94.37189097991907,91.7192829125097,2.652608067409375,3.436662723288464e-07,16348.358954856918,270.5574854070508,4.1466829969749597e-14,0.0,304.3895764859469,2,2,0,/home/user/projects/AIDRBench/results/nature_mainline/commitment_validation_v1/runs/confirmation/job_count/H8P16/repeated_f0.5_1011076.parquet,63688fbc5ec26d2e7bcd922b702ac7a77908f6ccfc0a0d2b0d1650b33f347500,/home/user/projects/AIDRBench/results/nature_mainline/commitment_validation_v1/inputs/confirmation/job_count/1011076/H8P16/hourly_seed_1011076,3c0f370fc856a5ceab0e4ab6fcccc32fe4bec5afdc04c08beff9c32c47421094
confirmation,job_count,1011077,H8P16,0.5,repeated,2.949121593122471,193.4389798490304,11,True,True,True,0.0,0.0,False,False,False,False,False,False,True,True,0,0.0,32.0,94.37189097991907,91.29200792123493,3.079883058684146,8.512819249517634e-08,16565.8750915096,269.26890575184643,0.0,0.0,295.5931692667539,1,1,2,/home/user/projects/AIDRBench/results/nature_mainline/commitment_validation_v1/runs/confirmation/job_count/H8P16/repeated_f0.5_1011077.parquet,edd248df0435d70a48e7cedee53cf5828b0f9f3697f7fd79c521d842c5749963,/home/user/projects/AIDRBench/results/nature_mainline/commitment_validation_v1/inputs/confirmation/job_count/1011077/H8P16/hourly_seed_1011077,fe54cb5caf199d1eb15b2f83ebd6b3ab277911b5fca91dc08ba0e342f80b291b
confirmation,job_count,1011078,H8P16,0.5,repeated,2.949121593122471,193.4389798490304,18,True,True,True,0.0,0.0,False,False,False,False,False,False,True,True,0,0.0,32.0,94.37189097991907,92.1850904578626,2.1868005220564726,4.366856387605367e-07,16083.053620402141,272.69699351996246,0.0,0.0,282.7940692494327,1,1,7,/home/user/projects/AIDRBench/results/nature_mainline/commitment_validation_v1/runs/confirmation/job_count/H8P16/repeated_f0.5_1011078.parquet,80b8315a975f4ea051fa7ad26edd19f159cc0d59856f829f77e7325f063ff0a3,/home/user/projects/AIDRBench/results/nature_mainline/commitment_validation_v1/inputs/confirmation/job_count/1011078/H8P16/hourly_seed_1011078,9a361df8a056dc8cecab9c7d21c4d9e260541bbc25f3d9deee19d587d2a3b98e
confirmation,job_count,1011079,H8P16,0.5,repeated,2.949121593122471,193.4389798490304,3,True,True,True,0.0,0.0,False,False,False,False,False,False,True,True,0,0.0,32.0,94.37189097991907,91.66974326618345,2.702147713735627,-3.410605131648481e-13,15951.001967427535,270.15714748323114,0.0,0.0,279.76865873889415,0,0,5,/home/user/projects/AIDRBench/results/nature_mainline/commitment_validation_v1/runs/confirmation/job_count/H8P16/repeated_f0.5_1011079.parquet,dae1f6507791999973ea804bad30ebbd6e9c3b3ae32c542fa4e24d1dc60b0bac,/home/user/projects/AIDRBench/results/nature_mainline/commitment_validation_v1/inputs/confirmation/job_count/1011079/H8P16/hourly_seed_1011079,d4a227ce9701a1c3a00b77962d4bccf2c53b67fe04fea846e4ba6905de6ef534
confirmation,job_count,1011080,H8P16,0.5,repeated,2.949121593122471,193.4389798490304,23,True,True,True,1.7819079545233762e-14,2.8329580575323322e-18,False,False,False,False,False,False,True,True,0,0.0,32.0,94.37189097991907,91.55734947249232,2.8145415074267532,5.684341886080802e-14,14550.5774490275,270.3076112372995,1.7819079545233762e-14,0.0,281.99412220714726,2,2,1,/home/user/projects/AIDRBench/results/nature_mainline/commitment_validation_v1/runs/confirmation/job_count/H8P16/repeated_f0.5_1011080.parquet,cde6af91391a5ed2bfd2ae073ea7707c6e7bd2650c869d851808910f9d66d2a5,/home/user/projects/AIDRBench/results/nature_mainline/commitment_validation_v1/inputs/confirmation/job_count/1011080/H8P16/hourly_seed_1011080,9ca21a0daf4246f491eec63420e3ed2015fd39a4456a97112ca6f2d6e8f1f602
confirmation,job_count,1011081,H8P16,0.5,repeated,2.949121593122471,193.4389798490304,17,True,True,True,0.0,0.0,False,False,False,False,False,False,True,True,0,0.0,32.0,94.37189097991907,91.16013457061894,3.2117564093001363,1.2905178436994902e-07,15851.614311466226,269.09137877206774,0.0,0.0,287.8505095220561,1,1,4,/home/user/projects/AIDRBench/results/nature_mainline/commitment_validation_v1/runs/confirmation/job_count/H8P16/repeated_f0.5_1011081.parquet,227021ac42d6b731ee78f46cb7d1f51a3a7dfcda54a53b481472a787bbbf6da9,/home/user/projects/AIDRBench/results/nature_mainline/commitment_validation_v1/inputs/confirmation/job_count/1011081/H8P16/hourly_seed_1011081,de20ea70488d18e49a6f3059d7e1ec87ab4360bde07b839792fe7007879d8c9d
confirmation,job_count,1011082,H8P16,0.5,repeated,2.949121593122471,193.4389798490304,23,True,True,True,0.0,0.0,False,False,False,False,False,False,True,True,0,0.0,32.0,94.37189097991907,91.5494309635651,2.822460016353972,-4.547473508864641e-13,15340.252140245735,270.3076112372995,0.0,0.0,294.6649798750701,2,2,1,/home/user/projects/AIDRBench/results/nature_mainline/commitment_validation_v1/runs/confirmation/job_count/H8P16/repeated_f0.5_1011082.parquet,0b4027ce2d90003c9fe76868f1ce9ac1f71c5af84e8a4d96a423349a247ce8cf,/home/user/projects/AIDRBench/results/nature_mainline/commitment_validation_v1/inputs/confirmation/job_count/1011082/H8P16/hourly_seed_1011082,cc331b5ec6e6bb87d21d98b36ad5f8e7023829ddb81a956e9717b159a39d0270
confirmation,job_count,1011083,H8P16,0.5,repeated,2.949121593122471,193.4389798490304,14,True,True,True,3.530509218307998e-14,5.6129636280079855e-18,False,False,False,False,False,False,True,True,0,0.0,32.0,94.37189097991907,91.2442933074762,3.1275976724428745,0.0,17567.53565858943,269.5922599429065,3.530509218307998e-14,0.0,307.41646280801376,2,2,5,/home/user/projects/AIDRBench/results/nature_mainline/commitment_validation_v1/runs/confirmation/job_count/H8P16/repeated_f0.5_1011083.parquet,2365735bcd1ceef4c65495d446108a6278754fb4581c092a4216a2c1a7cdeeb9,/home/user/projects/AIDRBench/results/nature_mainline/commitment_validation_v1/inputs/confirmation/job_count/1011083/H8P16/hourly_seed_1011083,58f924232f22f25e1e427617b1011547e93793d570c7f7229db7164b8d8f40d1
confirmation,job_count,1011084,H8P16,0.5,repeated,2.949121593122471,193.4389798490304,23,True,True,True,0.0,0.0,False,False,False,False,False,False,True,True,0,0.0,32.0,94.37189097991907,91.64755163974195,2.7243393401771243,0.0,13970.435470618062,270.52898138085493,0.0,0.0,267.61469922627316,3,3,2,/home/user/projects/AIDRBench/results/nature_mainline/commitment_validation_v1/runs/confirmation/job_count/H8P16/repeated_f0.5_1011084.parquet,624258b54bbe137a92344d8210b18810769ae8bf62c9145ea30cbbeb66c95dbc,/home/user/projects/AIDRBench/results/nature_mainline/commitment_validation_v1/inputs/confirmation/job_count/1011084/H8P16/hourly_seed_1011084,2bacdb8362e8716ad7fe1957ceeb9fbc202d6e15da3d4b540ddf41f042235f02
confirmation,job_count,1011085,H8P16,0.5,repeated,2.949121593122471,193.4389798490304,13,True,True,True,1.9984014443252818e-15,3.1771492234007454e-19,False,False,False,False,False,False,True,True,0,0.0,32.0,94.37189097991907,91.15376453531616,3.218126444602916,2.8421709430404007e-13,15794.883290595146,268.9490889574488,1.9984014443252818e-15,0.0,288.0599654156319,1,1,6,/home/user/projects/AIDRBench/results/nature_mainline/commitment_validation_v1/runs/confirmation/job_count/H8P16/repeated_f0.5_1011085.parquet,6faaf7efb36accd597a1762d97997be6f6afa7ef9503613bc7c86687de79b896,/home/user/projects/AIDRBench/results/nature_mainline/commitment_validation_v1/inputs/confirmation/job_count/1011085/H8P16/hourly_seed_1011085,f606e3ae2279c6724d588f164bd69381b29a596f270142d2136c6dd2843a6ab7
confirmation,job_count,1011086,H8P16,0.5,repeated,2.949121593122471,193.4389798490304,7,True,True,True,6.5503158452884236e-15,1.041398912114689e-18,False,False,False,False,False,False,True,True,0,0.0,32.0,94.37189097991907,91.53998001599734,2.831910963921729,6.963222176636918e-08,17183.597465945633,271.0193883523211,6.5503158452884236e-15,0.0,323.93893911380417,2,2,0,/home/user/projects/AIDRBench/results/nature_mainline/commitment_validation_v1/runs/confirmation/job_count/H8P16/repeated_f0.5_1011086.parquet,fff780058c68d9c81fb1bdf0693a932e136b1677154003ac059e536e18396691,/home/user/projects/AIDRBench/results/nature_mainline/commitment_validation_v1/inputs/confirmation/job_count/1011086/H8P16/hourly_seed_1011086,d596590bf886800f4ddf5bd40faebf01867eae5a1746a3e96d489a0190d45334
confirmation,job_count,1011087,H8P16,0.5,repeated,2.949121593122471,193.4389798490304,13,True,True,True,0.0,0.0,False,False,False,False,False,False,True,True,0,0.0,32.0,94.37189097991907,91.60263507183424,2.76925590808483,-1.3073986337985843e-12,17364.661815323663,269.76334715086267,0.0,0.0,305.3213155398858,1,1,7,/home/user/projects/AIDRBench/results/nature_mainline/commitment_validation_v1/runs/confirmation/job_count/H8P16/repeated_f0.5_1011087.parquet,7be45973bcf4d44675397ef1b92b08bdf23668d9efc49c4aaf62395c5216b9a5,/home/user/projects/AIDRBench/results/nature_mainline/commitment_validation_v1/inputs/confirmation/job_count/1011087/H8P16/hourly_seed_1011087,f2d859087dea8af0de75c0d7fafc45a90e09274c18eced3c556d910e589a238f
confirmation,job_count,1011088,H8P16,0.5,repeated,2.949121593122471,193.4389798490304,8,True,True,True,0.0,0.0,False,False,False,False,False,False,True,True,0,0.0,32.0,94.37189097991907,91.24468308804131,3.1272078918777595,9.600364592188271e-08,18224.036167640166,269.77433026761986,0.0,0.0,326.41651631455363,5,5,4,/home/user/projects/AIDRBench/results/nature_mainline/commitment_validation_v1/runs/confirmation/job_count/H8P16/repeated_f0.5_1011088.parquet,191d06aac58ed24d083a1a2a5560ad75c5b8e2ec36276bdbef58b4e5d3ee8566,/home/user/projects/AIDRBench/results/nature_mainline/commitment_validation_v1/inputs/confirmation/job_count/1011088/H8P16/hourly_seed_1011088,7b8b568e41c58372d68f701f13c8e8b41549155ef3901c491dfa828f1c2c504b
confirmation,job_count,1011089,H8P16,0.5,repeated,2.949121593122471,193.4389798490304,14,True,True,True,0.0,0.0,False,False,False,False,False,False,True,True,0,0.0,32.0,94.37189097991907,91.06922131749371,3.302669662425359,2.8784313599317102e-08,16424.529885317814,268.7689207311151,0.0,0.0,297.568250806951,2,2,4,/home/user/projects/AIDRBench/results/nature_mainline/commitment_validation_v1/runs/confirmation/job_count/H8P16/repeated_f0.5_1011089.parquet,5f52bfff876590fccc91788437ecb96baaafc4cd0cf8dccf2d172ef281b9aa69,/home/user/projects/AIDRBench/results/nature_mainline/commitment_validation_v1/inputs/confirmation/job_count/1011089/H8P16/hourly_seed_1011089,f7c5daedfaf714482d808d1890d36e35311165c337416becbf6ff83e5110a087
confirmation,job_count,1011090,H8P16,0.5,repeated,2.949121593122471,193.4389798490304,18,True,True,True,0.0,0.0,False,False,False,False,False,False,True,True,0,0.0,32.0,94.37189097991907,91.41672407493189,2.9551669049871805,1.3779970231553307e-07,15651.835053840423,269.6489078416945,0.0,0.0,277.41495968892673,0,0,1,/home/user/projects/AIDRBench/results/nature_mainline/commitment_validation_v1/runs/confirmation/job_count/H8P16/repeated_f0.5_1011090.parquet,63bf9a0da6f9d9fbe21b643d7041aa3d5aa204d0562b55b3c09866f232b9a0fb,/home/user/projects/AIDRBench/results/nature_mainline/commitment_validation_v1/inputs/confirmation/job_count/1011090/H8P16/hourly_seed_1011090,65f0df08c08b6f15c1e70f372638128af510cda7fa56c7e9776be90b6e42128f
confirmation,job_count,1011091,H8P16,0.5,repeated,2.949121593122471,193.4389798490304,19,True,True,True,0.0,0.0,False,False,False,False,False,False,True,True,0,0.0,32.0,94.37189097991907,91.6214440652061,2.750446914712967,3.104203111046502,15579.277020771671,270.22757997792974,0.0,0.0,277.73066041813956,1,1,6,/home/user/projects/AIDRBench/results/nature_mainline/commitment_validation_v1/runs/confirmation/job_count/H8P16/repeated_f0.5_1011091.parquet,e3d231aa453960fa000f9669208f4e3ba5fd06879b2e7f214dfb5622eb5fe3d6,/home/user/projects/AIDRBench/results/nature_mainline/commitment_validation_v1/inputs/confirmation/job_count/1011091/H8P16/hourly_seed_1011091,d47f28f581a501f6096db62b123865523683230b3b501e696247ae1082ad32a0
confirmation,job_count,1011092,H8P16,0.5,repeated,2.949121593122471,193.4389798490304,2,True,True,True,0.0,0.0,False,False,False,False,False,False,True,True,0,0.0,32.0,94.37189097991907,91.54737085760985,2.824520122309224,0.5240621477520335,15002.660908754835,269.87383157334307,0.0,0.0,274.9173881387229,0,0,4,/home/user/projects/AIDRBench/results/nature_mainline/commitment_validation_v1/runs/confirmation/job_count/H8P16/repeated_f0.5_1011092.parquet,96fcc9fae8f8a654d0976cc8287b86e1c091aa2de792d4353407adaf784be76f,/home/user/projects/AIDRBench/results/nature_mainline/commitment_validation_v1/inputs/confirmation/job_count/1011092/H8P16/hourly_seed_1011092,d33911d88ccd4650d8eb360ed8b15175dacd8d7f13d3cb1a40fbbad9b72d3e7b
confirmation,job_count,1011093,H8P16,0.5,repeated,2.949121593122471,193.4389798490304,23,True,True,True,0.0,0.0,False,False,False,False,False,False,True,True,0,0.0,32.0,94.37189097991907,91.69050021216293,2.6813907677561417,-7.958078640513122e-13,15046.123434106932,270.71347427843375,0.0,0.0,293.0834468113468,3,3,0,/home/user/projects/AIDRBench/results/nature_mainline/commitment_validation_v1/runs/confirmation/job_count/H8P16/repeated_f0.5_1011093.parquet,a7ad000efcaec6178eb41829372b7d9a35af9d7c0e754066745c6d65afb6748c,/home/user/projects/AIDRBench/results/nature_mainline/commitment_validation_v1/inputs/confirmation/job_count/1011093/H8P16/hourly_seed_1011093,ec6d191b9c60f22bc6f272658be1dfd46b8dd66ed92cad755008174c4d0cacf3
confirmation,job_count,1011094,H8P16,0.5,repeated,2.949121593122471,193.4389798490304,22,True,True,True,0.0,0.0,False,False,False,False,False,False,True,True,0,0.0,32.0,94.37189097991907,92.06700409862498,2.3048868812940952,3.6782347478947486e-07,14793.044570005415,273.22074799417305,0.0,0.0,278.5274381616082,3,3,7,/home/user/projects/AIDRBench/results/nature_mainline/commitment_validation_v1/runs/confirmation/job_count/H8P16/repeated_f0.5_1011094.parquet,058e1f167a42be87b9545e0d7c90f2dfa620a674ae92f1a741544281039d7351,/home/user/projects/AIDRBench/results/nature_mainline/commitment_validation_v1/inputs/confirmation/job_count/1011094/H8P16/hourly_seed_1011094,f6b4eee0da2ac9a36654108e887af69e4f48e6d8c7d17b53134626e2258d9856
confirmation,job_count,1011095,H8P16,0.5,repeated,2.949121593122471,193.4389798490304,13,True,True,True,4.773959005888173e-15,7.589856478124005e-19,False,False,False,False,False,False,True,True,0,0.0,32.0,94.37189097991907,91.14718605594442,3.224704923974656,0.7324992126390839,15117.612319054295,268.52006107521385,4.773959005888173e-15,0.0,280.63813078315303,1,1,1,/home/user/projects/AIDRBench/results/nature_mainline/commitment_validation_v1/runs/confirmation/job_count/H8P16/repeated_f0.5_1011095.parquet,7c6554b30fa4df7ac166d7e6acd866c61f378e3d2b3761cb00c01d4769ff2cb9,/home/user/projects/AIDRBench/results/nature_mainline/commitment_validation_v1/inputs/confirmation/job_count/1011095/H8P16/hourly_seed_1011095,d813e9ee71c76d7aee5d98d5f6605329f726cfd8738be2e2827b2dc15d4c5977
confirmation,job_count,1011096,H8P16,0.5,repeated,2.949121593122471,193.4389798490304,11,True,True,True,0.0,0.0,False,False,False,False,False,False,True,True,0,0.0,32.0,94.37189097991907,90.94431543556584,3.427575544353232,5.085610155219911e-09,16987.053930665366,268.72532075137593,0.0,0.0,301.60431681712487,1,1,6,/home/user/projects/AIDRBench/results/nature_mainline/commitment_validation_v1/runs/confirmation/job_count/H8P16/repeated_f0.5_1011096.parquet,5a503fff99da7330ca0315761020bcbbc0cc99e69b4155fd71b42c0866c089a7,/home/user/projects/AIDRBench/results/nature_mainline/commitment_validation_v1/inputs/confirmation/job_count/1011096/H8P16/hourly_seed_1011096,b540ecf61d5c790636d5a5ad9a4ff3d4b96a1b86fda87092642539e6d7d38c79
confirmation,job_count,1011097,H8P16,0.5,repeated,2.949121593122471,193.4389798490304,6,True,True,True,0.0,0.0,False,False,False,False,False,False,True,True,0,0.0,32.0,94.37189097991907,91.64583797755586,2.7260530023632157,-5.684341886080802e-14,17393.737134806328,269.9963294284309,0.0,0.0,303.71350807498584,2,2,5,/home/user/projects/AIDRBench/results/nature_mainline/commitment_validation_v1/runs/confirmation/job_count/H8P16/repeated_f0.5_1011097.parquet,471298ad709f4140892a10277176eb3bc5e9c5aa4aab78e5c4151d6c10b919ca,/home/user/projects/AIDRBench/results/nature_mainline/commitment_validation_v1/inputs/confirmation/job_count/1011097/H8P16/hourly_seed_1011097,ec0b31a17074b04dcbb901920982d1153ca0f11721c9f28e5c6eb4df607d7875
confirmation,job_count,1011098,H8P16,0.5,repeated,2.949121593122471,193.4389798490304,23,True,True,True,0.0,0.0,False,False,False,False,False,False,True,True,0,0.0,32.0,94.37189097991907,91.488473445139,2.8834175347800794,5.684341886080802e-14,14551.810938302478,270.1929437024713,0.0,0.0,281.87945467231907,4,4,1,/home/user/projects/AIDRBench/results/nature_mainline/commitment_validation_v1/runs/confirmation/job_count/H8P16/repeated_f0.5_1011098.parquet,73b2e13326a84368cbb4479c48e15218f1602967561402e8af88655f8d41c35b,/home/user/projects/AIDRBench/results/nature_mainline/commitment_validation_v1/inputs/confirmation/job_count/1011098/H8P16/hourly_seed_1011098,dda3f2e74fcd7c8237c9c6f0090dea4e6c1a88a02330a2c441c2066260c9ebc5
confirmation,job_count,1011099,H8P16,0.5,repeated,2.949121593122471,193.4389798490304,14,True,True,True,0.0,0.0,False,False,False,False,False,False,True,True,0,0.0,32.0,94.37189097991907,91.18602592080242,3.185865059116651,2.878482519008685e-08,16121.7201416154,268.7689207311151,0.0,0.0,292.94417678942625,1,1,4,/home/user/projects/AIDRBench/results/nature_mainline/commitment_validation_v1/runs/confirmation/job_count/H8P16/repeated_f0.5_1011099.parquet,d5ff2fa2f74c497d74388c3ab7283e1d7d8f246fce51f7bfbc13b35ac416f75b,/home/user/projects/AIDRBench/results/nature_mainline/commitment_validation_v1/inputs/confirmation/job_count/1011099/H8P16/hourly_seed_1011099,c97e5743f09464cafef198941a2a4a0c86cf7c0c35517be666587c168cad779d
confirmation,job_count,1011100,H8P16,0.5,repeated,2.949121593122471,193.4389798490304,2,True,True,True,1.9984014443252818e-15,3.1771492234007463e-19,False,False,False,False,False,False,True,True,0,0.0,32.0,94.37189097991907,91.4418045810117,2.9300863989073775,0.6579948086653644,17941.47417845436,270.1178134682425,1.9984014443252818e-15,0.0,279.0611869319847,1,1,3,/home/user/projects/AIDRBench/results/nature_mainline/commitment_validation_v1/runs/confirmation/job_count/H8P16/repeated_f0.5_1011100.parquet,0ccff6b64d4743cf136e9f16d631ff974926cb3ba38240452d481a1559b3b124,/home/user/projects/AIDRBench/results/nature_mainline/commitment_validation_v1/inputs/confirmation/job_count/1011100/H8P16/hourly_seed_1011100,e78c9290937a15610f2abcf3938bf4d7d07257e04562eaf527f091e637d4555b
confirmation,job_count,1011101,H8P16,0.5,repeated,2.949121593122471,193.4389798490304,16,True,True,True,8.659739592076221e-15,1.3767646634736567e-18,False,False,False,False,False,False,True,True,0,0.0,32.0,94.37189097991907,91.27677610926725,3.0951148706518268,5.684341886080801e-13,18808.046444515792,269.9413609187857,8.659739592076221e-15,0.0,315.48624161024986,1,1,3,/home/user/projects/AIDRBench/results/nature_mainline/commitment_validation_v1/runs/confirmation/job_count/H8P16/repeated_f0.5_1011101.parquet,f2b367c5d7e59816b3511a304ee41f5a8c5f846c21712aefe1e4296ce8c1c534,/home/user/projects/AIDRBench/results/nature_mainline/commitment_validation_v1/inputs/confirmation/job_count/1011101/H8P16/hourly_seed_1011101,360befdb8631d61d8a775af763956f57b376c1fbed5cc44433d462e77312b570
confirmation,job_count,1011102,H8P16,0.5,repeated,2.949121593122471,193.4389798490304,20,True,True,True,2.5979218776228663e-14,4.130293990420969e-18,False,False,False,False,False,False,True,True,0,0.0,32.0,94.37189097991907,91.49023113481354,2.8816598451055313,0.15426940824943358,14952.87940782204,270.0680406169164,2.5979218776228663e-14,0.0,271.2478728446899,0,0,0,/home/user/projects/AIDRBench/results/nature_mainline/commitment_validation_v1/runs/confirmation/job_count/H8P16/repeated_f0.5_1011102.parquet,71161e783a7330a115e51d899298a9bd4e3fc9d5c3ae52e41c9373b5cc42c0be,/home/user/projects/AIDRBench/results/nature_mainline/commitment_validation_v1/inputs/confirmation/job_count/1011102/H8P16/hourly_seed_1011102,a1d38275f886eec4f34d6725191c8a8a8a56132db0866ce614b9da95ab14b525
confirmation,job_count,1011103,H8P16,0.5,repeated,2.949121593122471,193.4389798490304,14,True,True,True,0.0,0.0,False,False,False,False,False,False,True,True,0,0.0,32.0,94.37189097991907,91.639670142346,2.7322208375730668,3.979039320256561e-13,15619.16298510507,269.95410743593607,0.0,0.0,283.6514142149421,5,5,2,/home/user/projects/AIDRBench/results/nature_mainline/commitment_validation_v1/runs/confirmation/job_count/H8P16/repeated_f0.5_1011103.parquet,7143e8008ca8b17ad309f8d0b64dbe78a81753a49e7d5e63aacbff5ffd97024e,/home/user/projects/AIDRBench/results/nature_mainline/commitment_validation_v1/inputs/confirmation/job_count/1011103/H8P16/hourly_seed_1011103,a1b4b7131ce1bab3603569cff04d094f4bbded1642fae054d2cf105f2d44b6a9
confirmation,job_count,1011104,H8P16,0.5,repeated,2.949121593122471,193.4389798490304,14,True,True,True,0.0,0.0,False,False,False,False,False,False,True,True,0,0.0,32.0,94.37189097991907,91.3510301827103,3.020860797208769,-5.115907697472721e-13,16866.64774493759,269.54499143304173,0.0,0.0,295.2249433687934,5,5,5,/home/user/projects/AIDRBench/results/nature_mainline/commitment_validation_v1/runs/confirmation/job_count/H8P16/repeated_f0.5_1011104.parquet,5060db62814483504b2edfd621949eb5cfc6ea6f6c454bdeae267dbe8891a705,/home/user/projects/AIDRBench/results/nature_mainline/commitment_validation_v1/inputs/confirmation/job_count/1011104/H8P16/hourly_seed_1011104,d09ec7b86c6061049685db88ec0e13526b9abd280c736429937dc523adf93254
confirmation,job_count,1011105,H8P16,0.5,repeated,2.949121593122471,193.4389798490304,15,True,True,True,0.0,0.0,False,False,False,False,False,False,True,True,0,0.0,32.0,94.37189097991907,91.31535178307081,3.056539196848263,-1.1368683772161603e-13,16718.056467995182,269.9213483574385,0.0,0.0,293.7926865598812,5,5,5,/home/user/projects/AIDRBench/results/nature_mainline/commitment_validation_v1/runs/confirmation/job_count/H8P16/repeated_f0.5_1011105.parquet,afd034fec2b703156d30c9e72fb95ec8f1b1be979d7ef1444425ce1148adad8b,/home/user/projects/AIDRBench/results/nature_mainline/commitment_validation_v1/inputs/confirmation/job_count/1011105/H8P16/hourly_seed_1011105,929558791399651c1e5e744315915c5c307519746591892e12d029ba85e07e9d
confirmation,job_count,1011106,H8P16,0.5,repeated,2.949121593122471,193.4389798490304,18,True,True,True,0.0,0.0,False,False,False,False,False,False,True,True,0,0.0,32.0,94.37189097991907,91.4589042721297,2.912986707789372,2.2625920337304706e-07,16344.425248694064,269.7245501963405,0.0,0.0,295.83680352228254,0,0,0,/home/user/projects/AIDRBench/results/nature_mainline/commitment_validation_v1/runs/confirmation/job_count/H8P16/repeated_f0.5_1011106.parquet,89bd74abf00e3acc97ea302fd740f2f95c2239ff60c31adcae0ecd829b290395,/home/user/projects/AIDRBench/results/nature_mainline/commitment_validation_v1/inputs/confirmation/job_count/1011106/H8P16/hourly_seed_1011106,fc2e42186d7895a36e092e5a5e5f20ee91481bf1b7c4d10c780e432f77488d69
confirmation,job_count,1011107,H8P16,0.5,repeated,2.949121593122471,193.4389798490304,20,True,True,True,0.0,0.0,False,False,False,False,False,False,True,True,0,0.0,32.0,94.37189097991907,91.44556410719588,2.9263268727231946,1.8911696861116525,15238.36276857177,270.1287366471267,0.0,0.0,270.5641306348555,1,1,1,/home/user/projects/AIDRBench/results/nature_mainline/commitment_validation_v1/runs/confirmation/job_count/H8P16/repeated_f0.5_1011107.parquet,3804dbd1d1372c71a3a355d8680ee6fcee942a03d362d1346815e838e06d9a99,/home/user/projects/AIDRBench/results/nature_mainline/commitment_validation_v1/inputs/confirmation/job_count/1011107/H8P16/hourly_seed_1011107,7330fb2c8f0565de7d7dd04bcfb9b01f3ed80558c32fef8c34ce8bc97b9d31e8
confirmation,job_count,1011108,H8P16,0.5,repeated,2.949121593122471,193.4389798490304,11,True,True,True,3.9968028886505635e-15,6.354298446801493e-19,False,False,False,False,False,False,True,True,0,0.0,32.0,94.37189097991907,91.29859824535504,3.073292734564035,5.684341886080802e-14,17363.7362169969,268.6914772980047,3.9968028886505635e-15,0.0,298.57724686505856,0,0,5,/home/user/projects/AIDRBench/results/nature_mainline/commitment_validation_v1/runs/confirmation/job_count/H8P16/repeated_f0.5_1011108.parquet,96cf21da1d0389b52d36da009277de41e5c0ea53b9a5bc13e724eedf67bf6e94,/home/user/projects/AIDRBench/results/nature_mainline/commitment_validation_v1/inputs/confirmation/job_count/1011108/H8P16/hourly_seed_1011108,89fb80c973cc5026f289a35b67404d06d6c306cc5a6339bcdc35d24cbe44d752
confirmation,job_count,1011109,H8P16,0.5,repeated,2.949121593122471,193.4389798490304,7,True,True,True,0.0,0.0,False,False,False,False,False,False,True,True,0,0.0,32.0,94.37189097991907,91.43223941816672,2.939651561752356,5.684341886080802e-14,17934.812941548007,269.2083146223306,0.0,0.0,319.54858807113425,1,1,6,/home/user/projects/AIDRBench/results/nature_mainline/commitment_validation_v1/runs/confirmation/job_count/H8P16/repeated_f0.5_1011109.parquet,eba66469582f907862a23d0aa83db8bde783bb3f3dfaa459c442a8738d281c1b,/home/user/projects/AIDRBench/results/nature_mainline/commitment_validation_v1/inputs/confirmation/job_count/1011109/H8P16/hourly_seed_1011109,cd43de56f891cd932950245cb75d77dd400b2af83caed5ec14e12947840e609c
confirmation,job_count,1011110,H8P16,0.5,repeated,2.949121593122471,193.4389798490304,11,True,True,True,0.0,0.0,False,False,False,False,False,False,True,True,0,0.0,32.0,94.37189097991907,91.16911647971551,3.20277450020356,9.102456033360795e-08,16976.51463756038,270.0008948748282,0.0,0.0,310.2744129101786,0,0,0,/home/user/projects/AIDRBench/results/nature_mainline/commitment_validation_v1/runs/confirmation/job_count/H8P16/repeated_f0.5_1011110.parquet,60af46a53332386bcd6edafb2453c9c92f67e8dc270d9824f2f109bbd71c2375,/home/user/projects/AIDRBench/results/nature_mainline/commitment_validation_v1/inputs/confirmation/job_count/1011110/H8P16/hourly_seed_1011110,f9ce4389d29a4169f64a69e5d783efa38b05d991d27a2d2100aefa5ed512dd85
confirmation,job_count,1011111,H8P16,0.5,repeated,2.949121593122471,193.4389798490304,18,True,True,True,1.2545520178264269e-14,1.994543679134913e-18,False,False,False,False,False,False,True,True,0,0.0,32.0,94.37189097991907,91.37045890834452,3.0014320715745555,-2.2737367544323206e-13,16868.303208626807,270.45448864963925,1.2545520178264269e-14,0.0,291.8713597384371,0,0,3,/home/user/projects/AIDRBench/results/nature_mainline/commitment_validation_v1/runs/confirmation/job_count/H8P16/repeated_f0.5_1011111.parquet,0ea041358fd491451ec90ad47d38abf6f93f018997fe25f2499422930aa6004d,/home/user/projects/AIDRBench/results/nature_mainline/commitment_validation_v1/inputs/confirmation/job_count/1011111/H8P16/hourly_seed_1011111,05c5a5fca1b0d45f04df395a248f1d03960ed2ea8eb2e73fa5cd3f9314cd9e01
confirmation,job_count,1011112,H8P16,0.5,repeated,2.949121593122471,193.4389798490304,7,True,True,True,0.0,0.0,False,False,False,False,False,False,True,True,0,0.0,32.0,94.37189097991907,91.80599308596527,2.565897893953803,3.528727605415213,21884.89093620971,270.8081788139443,0.0,0.0,346.36029003991285,2,2,3,/home/user/projects/AIDRBench/results/nature_mainline/commitment_validation_v1/runs/confirmation/job_count/H8P16/repeated_f0.5_1011112.parquet,bf38bc75ca3cf38cca4a585c2f803ef945fe0d5125edcc96f7d7117e977735af,/home/user/projects/AIDRBench/results/nature_mainline/commitment_validation_v1/inputs/confirmation/job_count/1011112/H8P16/hourly_seed_1011112,03e118009d9e0e5c8b23672b0c11f8782082db2569f6ee37b70248b4f237ea03
confirmation,job_count,1011113,H8P16,0.5,repeated,2.949121593122471,193.4389798490304,3,True,True,True,0.0,0.0,False,False,False,False,False,False,True,True,0,0.0,32.0,94.37189097991907,91.9015797664307,2.4703112134883725,6.150493846519566,16318.63602530458,271.0748883980799,0.0,0.0,290.0590149267236,1,1,7,/home/user/projects/AIDRBench/results/nature_mainline/commitment_validation_v1/runs/confirmation/job_count/H8P16/repeated_f0.5_1011113.parquet,74a25617d0bfc40d7a7183f2578219b388aca482e3529758949ab23657047423,/home/user/projects/AIDRBench/results/nature_mainline/commitment_validation_v1/inputs/confirmation/job_count/1011113/H8P16/hourly_seed_1011113,21c9b75c693cb73bad9adafb25575b44460c623d863644e01bca3efc0ad787af
confirmation,job_count,1011114,H8P16,0.5,repeated,2.949121593122471,193.4389798490304,12,True,True,True,0.0,0.0,False,False,False,False,False,False,True,True,0,0.0,32.0,94.37189097991907,91.38055727343573,2.9913337064833456,1.1368683772161603e-13,18435.019444418704,270.239624019821,0.0,0.0,314.66366968277316,1,1,3,/home/user/projects/AIDRBench/results/nature_mainline/commitment_validation_v1/runs/confirmation/job_count/H8P16/repeated_f0.5_1011114.parquet,16d0c558c2072b2a9a1f2104ceb3973d826f00182cea2dfe652424a8f45b805c,/home/user/projects/AIDRBench/results/nature_mainline/commitment_validation_v1/inputs/confirmation/job_count/1011114/H8P16/hourly_seed_1011114,1d8d191515f4bbd15e6feda34feacea583cdd70b4c1da4a6bece847f180c918a
confirmation,job_count,1011115,H8P16,0.5,repeated,2.949121593122471,193.4389798490304,11,True,True,True,2.220446049250313e-15,3.5301658037786073e-19,False,False,False,False,False,False,True,True,0,0.0,32.0,94.37189097991907,91.3383397918426,3.0335511880764727,1.6837270777614322e-07,18598.249958509783,270.52845997506074,2.220446049250313e-15,0.0,312.98430912078516,1,1,3,/home/user/projects/AIDRBench/results/nature_mainline/commitment_validation_v1/runs/confirmation/job_count/H8P16/repeated_f0.5_1011115.parquet,244f33b89d8bade77ffc89250fa33c6f11bb36b1c34ebab5c63e2306b39186e3,/home/user/projects/AIDRBench/results/nature_mainline/commitment_validation_v1/inputs/confirmation/job_count/1011115/H8P16/hourly_seed_1011115,333572425e21778758cdd706cd714d227f11ba951829d27b604e1b7a5dd5b6f7
confirmation,job_count,1011116,H8P16,0.5,repeated,2.949121593122471,193.4389798490304,21,True,True,True,5.551115123125783e-17,8.825414509446518e-21,False,False,False,False,False,False,True,True,0,0.0,32.0,94.37189097991907,91.47159300422015,2.900297975698919,-3.410605131648481e-13,14971.734754791738,269.9733433727404,5.551115123125783e-17,0.0,275.69638058300393,3,3,1,/home/user/projects/AIDRBench/results/nature_mainline/commitment_validation_v1/runs/confirmation/job_count/H8P16/repeated_f0.5_1011116.parquet,662a90e68e01eb9eab5dc277596453f7ec644151e828e3ad922c783c99d0fede,/home/user/projects/AIDRBench/results/nature_mainline/commitment_validation_v1/inputs/confirmation/job_count/1011116/H8P16/hourly_seed_1011116,e9872978d8b2b8b92997ee6a337309f55ccddbd343d15f99ef99331d96084b68
confirmation,job_count,1011117,H8P16,0.5,repeated,2.949121593122471,193.4389798490304,23,True,True,True,0.0,0.0,False,False,False,False,False,False,True,True,0,0.0,32.0,94.37189097991907,91.80270965158275,2.5691813283363274,1.7053025658242404e-13,15042.304883499017,271.08163834093364,0.0,0.0,287.1161820398853,4,4,0,/home/user/projects/AIDRBench/results/nature_mainline/commitment_validation_v1/runs/confirmation/job_count/H8P16/repeated_f0.5_1011117.parquet,15b58a240852b847574cd2125c2afe45f6345e8f56cd027873e7d8adce95b974,/home/user/projects/AIDRBench/results/nature_mainline/commitment_validation_v1/inputs/confirmation/job_count/1011117/H8P16/hourly_seed_1011117,4cc9d20ecdf3a334a0364a770436c5289500bc9cc2e5d49594e28f6cdc525ead
confirmation,job_count,1011118,H8P16,0.5,repeated,2.949121593122471,193.4389798490304,4,True,True,True,0.0,0.0,False,False,False,False,False,False,True,True,0,0.0,32.0,94.37189097991907,91.601254708856,2.7706362710630685,9.704484682515613e-08,15908.867491397556,269.53747889653124,0.0,0.0,287.07745447764444,0,0,6,/home/user/projects/AIDRBench/results/nature_mainline/commitment_validation_v1/runs/confirmation/job_count/H8P16/repeated_f0.5_1011118.parquet,7089d58f1bf1329f437cf799d63a77d999fbdfb899f852327b29e6e421e37cdc,/home/user/projects/AIDRBench/results/nature_mainline/commitment_validation_v1/inputs/confirmation/job_count/1011118/H8P16/hourly_seed_1011118,ff759e27445131de1b8d08ab6e419577c43525abe777284f7ab1a42345bb0246
confirmation,job_count,1011119,H8P16,0.5,repeated,2.949121593122471,193.4389798490304,12,True,True,True,1.4432899320127035e-14,2.2946077724560945e-18,False,False,False,False,False,False,True,True,0,0.0,32.0,94.37189097991907,91.22259022190292,3.149300758016153,1.995188654291269e-07,15283.510375666558,269.9217537203467,1.4432899320127035e-14,0.0,288.2677747706923,0,0,0,/home/user/projects/AIDRBench/results/nature_mainline/commitment_validation_v1/runs/confirmation/job_count/H8P16/repeated_f0.5_1011119.parquet,ceaa6002276f60203f6332fb3141d2809808a4c997879963b3a02682459d1dfc,/home/user/projects/AIDRBench/results/nature_mainline/commitment_validation_v1/inputs/confirmation/job_count/1011119/H8P16/hourly_seed_1011119,4b038a33c10f44ce98d9a9a80e057e52110ca553e078cf40d010dfe2b9ef9f0e
confirmation,job_count,1011120,H8P16,0.5,repeated,2.949121593122471,193.4389798490304,22,True,True,True,0.0,0.0,False,False,False,False,False,False,True,True,0,0.0,32.0,94.37189097991907,92.23934767545887,2.1325433044601994,3.6782404322366347e-07,14895.858031666747,273.1406476962452,0.0,0.0,269.6759611346687,1,1,7,/home/user/projects/AIDRBench/results/nature_mainline/commitment_validation_v1/runs/confirmation/job_count/H8P16/repeated_f0.5_1011120.parquet,0787c4453b1105be363829243224fab8a92e4ff69f9bb28a2cf3eb0fd9829859,/home/user/projects/AIDRBench/results/nature_mainline/commitment_validation_v1/inputs/confirmation/job_count/1011120/H8P16/hourly_seed_1011120,7c8432884634ab0ef930e6241b73ee4ad7253dc2eb22ec8e335ab5f082ca3523
confirmation,job_count,1011121,H8P16,0.5,repeated,2.949121593122471,193.4389798490304,4,True,True,True,1.2823075934420558e-14,2.0386707516821456e-18,False,False,False,False,False,False,True,True,0,0.0,32.0,94.37189097991907,91.67537404470119,2.696516935217886,8.195485179385287e-08,13825.7330179733,269.9878749742593,1.2823075934420558e-14,0.0,251.64468042586805,1,1,1,/home/user/projects/AIDRBench/results/nature_mainline/commitment_validation_v1/runs/confirmation/job_count/H8P16/repeated_f0.5_1011121.parquet,66405301664d4067bc21c37c3fd13f4f6399ad2d5d2bf727916f9b1de969f7e2,/home/user/projects/AIDRBench/results/nature_mainline/commitment_validation_v1/inputs/confirmation/job_count/1011121/H8P16/hourly_seed_1011121,99a075c5de1763ad0f78938f928520629ad18f0efdf6518af56c75dd8d36f496
confirmation,job_count,1011122,H8P16,0.5,repeated,2.949121593122471,193.4389798490304,17,True,True,True,0.0,0.0,False,False,False,False,False,False,True,True,0,0.0,32.0,94.37189097991907,91.35264048232233,3.019250497596744,1.655106984799204e-07,16411.525314800543,269.8305317816903,0.0,0.0,290.5950528866067,1,1,6,/home/user/projects/AIDRBench/results/nature_mainline/commitment_validation_v1/runs/confirmation/job_count/H8P16/repeated_f0.5_1011122.parquet,26c60ea749ad845cf4164dbba6a5d9d4e06e0ac5f46ff0f88f748cd7087f4834,/home/user/projects/AIDRBench/results/nature_mainline/commitment_validation_v1/inputs/confirmation/job_count/1011122/H8P16/hourly_seed_1011122,7c477fdbadd595eae3dd0ce5f9147e17f661857a7aaecb359c54c13e58930fc0
confirmation,job_count,1011123,H8P16,0.5,repeated,2.949121593122471,193.4389798490304,6,True,True,True,0.0,0.0,False,False,False,False,False,False,True,True,0,0.0,32.0,94.37189097991907,91.38767762465449,2.984213355264586,2.3362088086287258e-07,16306.696459320916,269.38498630992797,0.0,0.0,291.028462830678,4,4,6,/home/user/projects/AIDRBench/results/nature_mainline/commitment_validation_v1/runs/confirmation/job_count/H8P16/repeated_f0.5_1011123.parquet,7c4644139e89af8161cef2edc8d08ae0ad0af1a81358897bb6639775fad631ff,/home/user/projects/AIDRBench/results/nature_mainline/commitment_validation_v1/inputs/confirmation/job_count/1011123/H8P16/hourly_seed_1011123,f9e9ae44c8f834eab0e531d0f21823474762713ebf68eef7fc174a2abd163b2e
confirmation,job_count,1011124,H8P16,0.5,repeated,2.949121593122471,193.4389798490304,17,True,True,True,0.0,0.0,False,False,False,False,False,False,True,True,0,0.0,32.0,94.37189097991907,92.01324382271173,2.3586471572073435,3.060108610952739e-08,16558.84671753487,272.8101365251845,0.0,0.0,287.287365813058,2,2,7,/home/user/projects/AIDRBench/results/nature_mainline/commitment_validation_v1/runs/confirmation/job_count/H8P16/repeated_f0.5_1011124.parquet,3c505b995306abdf3074e4dc034bc2af55ed8746cdf16f5303c7571906267285,/home/user/projects/AIDRBench/results/nature_mainline/commitment_validation_v1/inputs/confirmation/job_count/1011124/H8P16/hourly_seed_1011124,32c2e19ce4aa5c439a36e5b706f4ca487bc4ca847c5f584251430e1ca6955429
confirmation,job_count,1011125,H8P16,0.5,repeated,2.949121593122471,193.4389798490304,14,True,True,True,0.0,0.0,False,False,False,False,False,False,True,True,0,0.0,32.0,94.37189097991907,91.20508657048583,3.16680440943324,-5.115907697472721e-13,17904.99825785469,269.92319028121153,0.0,0.0,304.36269081413093,3,3,3,/home/user/projects/AIDRBench/results/nature_mainline/commitment_validation_v1/runs/confirmation/job_count/H8P16/repeated_f0.5_1011125.parquet,7c3d4023e75a1bd8ba2aadba6a22cbabdfb6256db16ca6aef4faf538e42f5b90,/home/user/projects/AIDRBench/results/nature_mainline/commitment_validation_v1/inputs/confirmation/job_count/1011125/H8P16/hourly_seed_1011125,afd68b8cd649afd1355e0bab66ea26201b707150009ce61d283ae2d60203a7d8
confirmation,job_count,1011126,H8P16,0.5,repeated,2.949121593122471,193.4389798490304,18,True,True,True,1.865174681370263e-14,2.9653392751740306e-18,False,False,False,False,False,False,True,True,0,0.0,32.0,94.37189097991907,91.32861896091526,3.0432720190038083,3.5348932669876376e-08,15937.969907804696,269.56344746875743,1.865174681370263e-14,0.0,282.63572948942146,1,1,4,/home/user/projects/AIDRBench/results/nature_mainline/commitment_validation_v1/runs/confirmation/job_count/H8P16/repeated_f0.5_1011126.parquet,387098644646a310fd830b85044fb6d14b183ab4ac26748336082463763d3329,/home/user/projects/AIDRBench/results/nature_mainline/commitment_validation_v1/inputs/confirmation/job_count/1011126/H8P16/hourly_seed_1011126,3b146467c76e0dc69678606e93b536b23d44b0a00e01a25c7aad77c63bd480e7
confirmation,job_count,1011127,H8P16,0.5,repeated,2.949121593122471,193.4389798490304,2,True,True,True,0.0,0.0,False,False,False,False,False,False,True,True,0,0.0,32.0,94.37189097991907,91.49011696036962,2.8817740195494537,0.4762948371944731,15584.357670814901,269.5670685204027,0.0,0.0,278.0487324571128,0,0,4,/home/user/projects/AIDRBench/results/nature_mainline/commitment_validation_v1/runs/confirmation/job_count/H8P16/repeated_f0.5_1011127.parquet,ab055cb4a316b305fe114a51a97bcedb9e25fa3f7ab36cca12963eb96c857c71,/home/user/projects/AIDRBench/results/nature_mainline/commitment_validation_v1/inputs/confirmation/job_count/1011127/H8P16/hourly_seed_1011127,b4d90403e86fc9765a7858c57d96f5c9267fa276657e7c2a18c5a6d022f04fea
confirmation,job_count,1011128,H8P16,0.5,repeated,2.949121593122471,193.4389798490304,17,True,True,True,4.9404924595819466e-15,7.854618913407401e-19,False,False,False,False,False,False,True,True,0,0.0,32.0,94.37189097991907,91.35972909983445,3.0121618800846193,-3.979039320256561e-13,15870.257941229142,269.40158760686325,4.9404924595819466e-15,0.0,286.5850460187107,1,1,1,/home/user/projects/AIDRBench/results/nature_mainline/commitment_validation_v1/runs/confirmation/job_count/H8P16/repeated_f0.5_1011128.parquet,7aefa134c44031d0b70f52ecc836f1e86187f2b1431caaac1643ee5c80298013,/home/user/projects/AIDRBench/results/nature_mainline/commitment_validation_v1/inputs/confirmation/job_count/1011128/H8P16/hourly_seed_1011128,f5be3796e09a8137e6a36aff8e7bc7b1e440e7c61daee50840b9031fa064fc4d
confirmation,job_count,1011129,H8P16,0.5,repeated,2.949121593122471,193.4389798490304,3,True,True,True,0.0,0.0,False,False,False,False,False,False,True,True,0,0.0,32.0,94.37189097991907,91.67327527128549,2.6986157086335822,2.3571561769131222e-07,17942.054145856884,270.81475879679135,0.0,0.0,280.38881667303343,1,1,3,/home/user/projects/AIDRBench/results/nature_mainline/commitment_validation_v1/runs/confirmation/job_count/H8P16/repeated_f0.5_1011129.parquet,d7d24d873e98648c8e2d651fd21b90cd293332d99395e2c2e48a211d42c2940e,/home/user/projects/AIDRBench/results/nature_mainline/commitment_validation_v1/inputs/confirmation/job_count/1011129/H8P16/hourly_seed_1011129,6d2166bc9fe6ad32dc722c2ee4515d018fe0530b69a8e8abd3d492a2bdfca43f
confirmation,job_count,1011130,H8P16,0.5,repeated,2.949121593122471,193.4389798490304,20,True,True,True,0.0,0.0,False,False,False,False,False,False,True,True,0,0.0,32.0,94.37189097991907,91.57306951724928,2.7988214626697925,7.389644451905042e-13,16249.184895386756,270.79796152868744,0.0,0.0,286.34202383913157,1,1,3,/home/user/projects/AIDRBench/results/nature_mainline/commitment_validation_v1/runs/confirmation/job_count/H8P16/repeated_f0.5_1011130.parquet,f26de34f5696716985e8ff48f10fe363e19af58bea1d92b7bacc8bb4aaa7d343,/home/user/projects/AIDRBench/results/nature_mainline/commitment_validation_v1/inputs/confirmation/job_count/1011130/H8P16/hourly_seed_1011130,30299db390eafa408ba481c59e5935a10860cfb62055640b1d030180531c1b55
confirmation,job_count,1011131,H8P16,0.5,repeated,2.949121593122471,193.4389798490304,3,True,True,True,2.0816681711721685e-14,3.3095304410424443e-18,False,False,False,False,False,False,True,True,0,0.0,32.0,94.37189097991907,91.47753794601545,2.894353033903627,-2.8421709430404007e-13,14674.298386715558,269.7921386776509,2.0816681711721685e-14,0.0,264.0455677624397,1,1,0,/home/user/projects/AIDRBench/results/nature_mainline/commitment_validation_v1/runs/confirmation/job_count/H8P16/repeated_f0.5_1011131.parquet,8f266c61899f251d683bea7da57746c0e15caf2488a800048c2e8a97f9291762,/home/user/projects/AIDRBench/results/nature_mainline/commitment_validation_v1/inputs/confirmation/job_count/1011131/H8P16/hourly_seed_1011131,06a080c48a1b272a446f78d6df24487239769f37b2665e3a32c526fd2e07aa33
confirmation,job_count,1011132,H8P16,0.5,repeated,2.949121593122471,193.4389798490304,15,True,True,True,0.0,0.0,False,False,False,False,False,False,True,True,0,0.0,32.0,94.37189097991907,91.42690406508291,2.9449869148361643,5.684341886080802e-14,16842.352279977684,269.90864708447396,0.0,0.0,298.2447316429271,1,1,5,/home/user/projects/AIDRBench/results/nature_mainline/commitment_validation_v1/runs/confirmation/job_count/H8P16/repeated_f0.5_1011132.parquet,92c77cf45a85d8bf495bbb346bcc400bd63e9ca30b4b58fc65e4e0d025a1fe86,/home/user/projects/AIDRBench/results/nature_mainline/commitment_validation_v1/inputs/confirmation/job_count/1011132/H8P16/hourly_seed_1011132,c402d4de29f2d945e34cba9b53decbc1e60c71d082487809d669ed2460767dd5
confirmation,job_count,1011133,H8P16,0.5,repeated,2.949121593122471,193.4389798490304,22,True,True,True,0.0,0.0,False,False,False,False,False,False,True,True,0,0.0,32.0,94.37189097991907,91.6194643812969,2.752426598622179,1.4259580893849488e-07,14751.55044344918,270.5126363421566,0.0,0.0,280.024259809223,2,2,6,/home/user/projects/AIDRBench/results/nature_mainline/commitment_validation_v1/runs/confirmation/job_count/H8P16/repeated_f0.5_1011133.parquet,788347537a95cde514c0a9a3fceccfab281e9a9ae69e66572f99037cee9e7fe2,/home/user/projects/AIDRBench/results/nature_mainline/commitment_validation_v1/inputs/confirmation/job_count/1011133/H8P16/hourly_seed_1011133,28271909568d5385dfa28ed28963460647356014881fa84e45323c5da9fdad1d
confirmation,job_count,1011134,H8P16,0.5,repeated,2.949121593122471,193.4389798490304,0,True,True,True,0.0,0.0,False,False,False,False,False,False,True,True,0,0.0,32.0,94.37189097991907,91.35779703714462,3.0140939427744513,0.0,16256.705499074644,269.34974244250407,0.0,0.0,283.38385337342186,2,2,6,/home/user/projects/AIDRBench/results/nature_mainline/commitment_validation_v1/runs/confirmation/job_count/H8P16/repeated_f0.5_1011134.parquet,a09de998210b5549539d046e49ad4af842d123dab6dfe6840c6aac094364eb2b,/home/user/projects/AIDRBench/results/nature_mainline/commitment_validation_v1/inputs/confirmation/job_count/1011134/H8P16/hourly_seed_1011134,ef710c289bf2f762676806282ec27a2384dad30277fcac4367351aaa9b0696dd
confirmation,job_count,1011135,H8P16,0.5,repeated,2.949121593122471,193.4389798490304,14,True,True,True,1.4432899320127035e-14,2.2946077724560945e-18,False,False,False,False,False,False,True,True,0,0.0,32.0,94.37189097991907,91.43747744218842,2.9344135377306486,-3.410605131648481e-13,17418.126636735033,269.5922599429065,1.4432899320127035e-14,0.0,302.8720655730971,3,3,5,/home/user/projects/AIDRBench/results/nature_mainline/commitment_validation_v1/runs/confirmation/job_count/H8P16/repeated_f0.5_1011135.parquet,f9d6f5f4d82d0a7aba0a91572b760121b08a4104b0619a1a23e8b4d13e971de7,/home/user/projects/AIDRBench/results/nature_mainline/commitment_validation_v1/inputs/confirmation/job_count/1011135/H8P16/hourly_seed_1011135,d1faee6a2c230b017b5f7825c8502f42507d94c3f5f665f9ebc56bdab70ca300
confirmation,job_count,1011136,H8P16,0.5,repeated,2.949121593122471,193.4389798490304,4,True,True,True,0.0,0.0,False,False,False,False,False,False,True,True,0,0.0,32.0,94.37189097991907,91.53031650902153,2.841574470897541,5.684341886080801e-13,15160.315274865348,270.4262472952339,0.0,0.0,264.4074460482627,0,0,5,/home/user/projects/AIDRBench/results/nature_mainline/commitment_validation_v1/runs/confirmation/job_count/H8P16/repeated_f0.5_1011136.parquet,19715559150705cb4c51c65f28682cbc8909119366a438fd853d18ae6d0199cc,/home/user/projects/AIDRBench/results/nature_mainline/commitment_validation_v1/inputs/confirmation/job_count/1011136/H8P16/hourly_seed_1011136,eec408dbdb681ab89ec8ba754f178d2caf3d463969f92831158b373c73f0c518
confirmation,job_count,1011137,H8P16,0.5,repeated,2.949121593122471,193.4389798490304,18,True,True,True,4.912736883966318e-15,7.810491840860167e-19,False,False,False,False,False,False,True,True,0,0.0,32.0,94.37189097991907,92.09096070077936,2.28093027913971,4.366855819171178e-07,15974.522314811,273.12593977660015,4.912736883966318e-15,0.0,283.0544384310659,0,0,7,/home/user/projects/AIDRBench/results/nature_mainline/commitment_validation_v1/runs/confirmation/job_count/H8P16/repeated_f0.5_1011137.parquet,3cc00514a89c693a9aedbd87ff4a76eab284e85d9d256a239b5871154e469086,/home/user/projects/AIDRBench/results/nature_mainline/commitment_validation_v1/inputs/confirmation/job_count/1011137/H8P16/hourly_seed_1011137,34aef04ddd00aac981c16f6cfa744875744fd6517da61e5521c6654bf32651b2
confirmation,job_count,1011138,H8P16,0.5,repeated,2.949121593122471,193.4389798490304,18,True,True,True,0.0,0.0,False,False,False,False,False,False,True,True,0,0.0,32.0,94.37189097991907,91.24886269310429,3.1230282868147867,3.5348762139619794e-08,15648.790257718676,269.6691819362638,0.0,0.0,282.7414639569279,0,0,4,/home/user/projects/AIDRBench/results/nature_mainline/commitment_validation_v1/runs/confirmation/job_count/H8P16/repeated_f0.5_1011138.parquet,80143676208e740b0c038be0e4092e59ebd7cd533c646236db6424c642fab7bd,/home/user/projects/AIDRBench/results/nature_mainline/commitment_validation_v1/inputs/confirmation/job_count/1011138/H8P16/hourly_seed_1011138,2f3cc6551e3162c563949214e0f1c3105e8e7ee398a45426376acf933b59329d
confirmation,job_count,1011139,H8P16,0.5,repeated,2.949121593122471,193.4389798490304,22,True,True,True,1.3322676295501878e-15,2.1180994822671644e-19,False,False,False,False,False,False,True,True,0,0.0,32.0,94.37189097991907,91.5249382004564,2.8469527794626686,1.829476445891487e-07,14321.28914445128,270.1234124412427,1.3322676295501878e-15,0.0,269.38129919524556,3,3,1,/home/user/projects/AIDRBench/results/nature_mainline/commitment_validation_v1/runs/confirmation/job_count/H8P16/repeated_f0.5_1011139.parquet,6a40652daf088d9f9d712b1ff87d918e9f161c222e5495468a82945446f668fd,/home/user/projects/AIDRBench/results/nature_mainline/commitment_validation_v1/inputs/confirmation/job_count/1011139/H8P16/hourly_seed_1011139,8cda791cb6f515e6afbbff552aa61a199c91dc53cdc64c6f324c8af2bb2a7248
confirmation,job_count,1011140,H8P16,0.5,repeated,2.949121593122471,193.4389798490304,2,True,True,True,0.0,0.0,False,False,False,False,False,False,True,True,0,0.0,32.0,94.37189097991907,91.35576607030919,3.0161249096098857,0.0,14928.548613871448,269.29931842949105,0.0,0.0,269.6977545113207,1,1,6,/home/user/projects/AIDRBench/results/nature_mainline/commitment_validation_v1/runs/confirmation/job_count/H8P16/repeated_f0.5_1011140.parquet,f2573551037c121c23972a64fa80a46fdd53b6094abac021a015a44e23c1798d,/home/user/projects/AIDRBench/results/nature_mainline/commitment_validation_v1/inputs/confirmation/job_count/1011140/H8P16/hourly_seed_1011140,22a1d275e05915798b9aa47ea81007d995f7d470350dd0ab665d05555d29fdfd
confirmation,job_count,1011141,H8P16,0.5,repeated,2.949121593122471,193.4389798490304,13,True,True,True,0.0,0.0,False,False,False,False,False,False,True,True,0,0.0,32.0,94.37189097991907,91.2314415630542,3.1404494168648682,1.313970869887271e-07,15610.879366226038,269.0721443731651,0.0,0.0,280.7607012023117,0,0,5,/home/user/projects/AIDRBench/results/nature_mainline/commitment_validation_v1/runs/confirmation/job_count/H8P16/repeated_f0.5_1011141.parquet,7d0426aed198095fef6f12d33c5c3108de501b77ef2bac98c8fbe52d2814df0d,/home/user/projects/AIDRBench/results/nature_mainline/commitment_validation_v1/inputs/confirmation/job_count/1011141/H8P16/hourly_seed_1011141,218c4ce28b0271a3e4f925e6d217f78d07b284a17ef8f5fe61383b71cf5e4e8d
confirmation,job_count,1011142,H8P16,0.5,repeated,2.949121593122471,193.4389798490304,14,True,True,True,0.0,0.0,False,False,False,False,False,False,True,True,0,0.0,32.0,94.37189097991907,91.23514361514668,3.13674736477239,5.684341886080802e-14,16535.45453787665,269.1026160917879,0.0,0.0,299.07726290835774,3,3,6,/home/user/projects/AIDRBench/results/nature_mainline/commitment_validation_v1/runs/confirmation/job_count/H8P16/repeated_f0.5_1011142.parquet,daf06150aabb591b3b442d54d69c0749dc83759e2b05d13e3735430f60bc3073,/home/user/projects/AIDRBench/results/nature_mainline/commitment_validation_v1/inputs/confirmation/job_count/1011142/H8P16/hourly_seed_1011142,00ab05b48031b54c0efbd6dd01a18dc14894bcaa54273b3bfcb621082ba883b2
confirmation,job_count,1011143,H8P16,0.5,repeated,2.949121593122471,193.4389798490304,4,True,True,True,0.0,0.0,False,False,False,False,False,False,True,True,0,0.0,32.0,94.37189097991907,91.48452635128189,2.8873646286371866,4.717704200629669e-07,14367.473108379414,269.83077809529743,0.0,0.0,260.6478150522149,1,1,0,/home/user/projects/AIDRBench/results/nature_mainline/commitment_validation_v1/runs/confirmation/job_count/H8P16/repeated_f0.5_1011143.parquet,9caa1eb0efbc2be32042d8ea6deb2e75e266bf74375f940e6196a134fac49e41,/home/user/projects/AIDRBench/results/nature_mainline/commitment_validation_v1/inputs/confirmation/job_count/1011143/H8P16/hourly_seed_1011143,d1479d3ca530dbb5e4f096fe9b3ec23a7aa45ee86ea77a1963013012a8d1b5b8
confirmation,job_count,1011144,H8P16,0.5,repeated,2.949121593122471,193.4389798490304,1,True,True,True,0.0,0.0,False,False,False,False,False,False,True,True,0,0.0,32.0,94.37189097991907,91.12767797106693,3.2442130088521424,-5.684341886080801e-13,16228.797087096526,269.03455393372315,0.0,0.0,282.23144157423803,6,6,6,/home/user/projects/AIDRBench/results/nature_mainline/commitment_validation_v1/runs/confirmation/job_count/H8P16/repeated_f0.5_1011144.parquet,a0b7d28804263b87945893d048d6e4bb7ff30849a9167bb3cab863440436fda5,/home/user/projects/AIDRBench/results/nature_mainline/commitment_validation_v1/inputs/confirmation/job_count/1011144/H8P16/hourly_seed_1011144,afaf3ad02e09f17239c70cac29360ff6a850080447f649fd94a2ac543e14f782
confirmation,job_count,1011145,H8P16,0.5,repeated,2.949121593122471,193.4389798490304,17,True,True,True,0.0,0.0,False,False,False,False,False,False,True,True,0,0.0,32.0,94.37189097991907,91.35067880730867,3.0212121726104044,1.655115511312033e-07,15299.398014638384,269.86371619083184,0.0,0.0,274.66697296536177,5,5,6,/home/user/projects/AIDRBench/results/nature_mainline/commitment_validation_v1/runs/confirmation/job_count/H8P16/repeated_f0.5_1011145.parquet,98b36b39d01f4d0491b027b5450bffccaccd37569d5236c425a43d213ef15d3a,/home/user/projects/AIDRBench/results/nature_mainline/commitment_validation_v1/inputs/confirmation/job_count/1011145/H8P16/hourly_seed_1011145,2380d77458cacb0c6d7a66cfd16c08479032b511893259a9537ffdceccf26b05
confirmation,job_count,1011146,H8P16,0.5,repeated,2.949121593122471,193.4389798490304,23,True,True,True,4.5075054799781356e-14,7.166236581670572e-18,False,False,False,False,False,False,True,True,0,0.0,32.0,94.37189097991907,91.50107978204818,2.870811197870893,-5.684341886080802e-14,14428.518677347547,270.14375826506677,4.5075054799781356e-14,0.0,279.6732998413685,4,4,6,/home/user/projects/AIDRBench/results/nature_mainline/commitment_validation_v1/runs/confirmation/job_count/H8P16/repeated_f0.5_1011146.parquet,6a0a7451c670aae43a1bb4cf634297a07a4848e1f272b31cf062872b3eb1ffe2,/home/user/projects/AIDRBench/results/nature_mainline/commitment_validation_v1/inputs/confirmation/job_count/1011146/H8P16/hourly_seed_1011146,a378ad984cdcdf7e6d21ef6be7ac75ed81b50df9af9bf587b0f397191c88f91b
confirmation,job_count,1011147,H8P16,0.5,repeated,2.949121593122471,193.4389798490304,21,True,True,True,0.0,0.0,False,False,False,False,False,False,True,True,0,0.0,32.0,94.37189097991907,91.62407640525919,2.747814574659884,-5.684341886080802e-14,15223.93505425644,269.9733433727405,0.0,0.0,275.69638058300404,1,1,1,/home/user/projects/AIDRBench/results/nature_mainline/commitment_validation_v1/runs/confirmation/job_count/H8P16/repeated_f0.5_1011147.parquet,7e9ba4579a2a7e9aae6e8ed6b9b247e3e6ca35be874b9f80c360513b7ddd53e8,/home/user/projects/AIDRBench/results/nature_mainline/commitment_validation_v1/inputs/confirmation/job_count/1011147/H8P16/hourly_seed_1011147,fcfe0772734f9a380d5e1cad4451cb933017b5d2284e7a262d24c16cb3e5d242
confirmation,job_count,1011148,H8P16,0.5,repeated,2.949121593122471,193.4389798490304,7,True,True,True,6.2450045135165055e-15,9.928591323127331e-19,False,False,False,False,False,False,True,True,0,0.0,32.0,94.37189097991907,91.31620227576838,3.055688704150697,-2.2737367544323206e-13,16644.539334019475,269.34043486623517,6.2450045135165055e-15,0.0,300.12254717502725,5,5,1,/home/user/projects/AIDRBench/results/nature_mainline/commitment_validation_v1/runs/confirmation/job_count/H8P16/repeated_f0.5_1011148.parquet,f6e3ea5ca76c82f9cd3fa6fa4a63b86b055d5335283e3a86754dc392d7b8e614,/home/user/projects/AIDRBench/results/nature_mainline/commitment_validation_v1/inputs/confirmation/job_count/1011148/H8P16/hourly_seed_1011148,a2b5004872324df23d6fd59110e78133e4f29406b6cd8e0a0908035291fe00a6
confirmation,job_count,1011149,H8P16,0.5,repeated,2.949121593122471,193.4389798490304,19,True,True,True,0.0,0.0,False,False,False,False,False,False,True,True,0,0.0,32.0,94.37189097991907,91.35284553868087,3.0190454412382053,0.6647493350291143,15742.74139736476,269.7299541839844,0.0,0.0,280.543847841,1,1,0,/home/user/projects/AIDRBench/results/nature_mainline/commitment_validation_v1/runs/confirmation/job_count/H8P16/repeated_f0.5_1011149.parquet,b19ebe7a2c38b0dd010d68015325c92d0150b53e2aa22a0728aa20c56c8dcefd,/home/user/projects/AIDRBench/results/nature_mainline/commitment_validation_v1/inputs/confirmation/job_count/1011149/H8P16/hourly_seed_1011149,961e4fa5002f8e32434a1e7e937828154b113600ad6d6f00326258b9e823d58a
confirmation,job_count,1011150,H8P16,0.5,repeated,2.949121593122471,193.4389798490304,14,True,True,True,0.0,0.0,False,False,False,False,False,False,True,True,0,0.0,32.0,94.37189097991907,91.33422091333813,3.0376700665809437,2.878351779145305e-08,15417.199077453157,268.76892073111514,0.0,0.0,284.89739486756287,1,1,4,/home/user/projects/AIDRBench/results/nature_mainline/commitment_validation_v1/runs/confirmation/job_count/H8P16/repeated_f0.5_1011150.parquet,42b01a77c5f981a45c852c80e969ed37c7f9ee9de52f9591198d0c7c8823d3ac,/home/user/projects/AIDRBench/results/nature_mainline/commitment_validation_v1/inputs/confirmation/job_count/1011150/H8P16/hourly_seed_1011150,3f60cffd022666ce15cee61f706468c4fee3bd24ccf6bb39587322f8a6944bab
confirmation,job_count,1011151,H8P16,0.5,repeated,2.949121593122471,193.4389798490304,19,True,True,True,0.0,0.0,False,False,False,False,False,False,True,True,0,0.0,32.0,94.37189097991907,91.41822161463108,2.9536693652879933,3.1423278237973022,15381.48725848872,270.3178561596277,0.0,0.0,277.7475291882621,1,1,6,/home/user/projects/AIDRBench/results/nature_mainline/commitment_validation_v1/runs/confirmation/job_count/H8P16/repeated_f0.5_1011151.parquet,088fd7ae91d6de224705b7473683ceb8de98e2af063362f84bcfc0a3f149cc72,/home/user/projects/AIDRBench/results/nature_mainline/commitment_validation_v1/inputs/confirmation/job_count/1011151/H8P16/hourly_seed_1011151,78c9d991e6958c75fc2ea89c1f3da94bc90c0f51e4bb19049194c2dfd1c6934f
confirmation,job_count,1011152,H8P16,0.5,repeated,2.949121593122471,193.4389798490304,3,True,True,True,0.0,0.0,False,False,False,False,False,False,True,True,0,0.0,32.0,94.37189097991907,91.64661399387421,2.725276986044861,2.3571561769131222e-07,18003.936248107944,270.63065948019437,0.0,0.0,282.40567960190083,1,1,3,/home/user/projects/AIDRBench/results/nature_mainline/commitment_validation_v1/runs/confirmation/job_count/H8P16/repeated_f0.5_1011152.parquet,a6fefa86cffe7e2273d52e90d6c30946b04332542983f53a6f010fad6be3f7d5,/home/user/projects/AIDRBench/results/nature_mainline/commitment_validation_v1/inputs/confirmation/job_count/1011152/H8P16/hourly_seed_1011152,d819d618f5fb78852d0d10cfb5445c6d25aae9460a341ba67d0dc2d53ce41a0f
confirmation,job_count,1011153,H8P16,0.5,repeated,2.949121593122471,193.4389798490304,9,True,True,True,6.217248937900877e-15,9.8844642505801e-19,False,False,False,False,False,False,True,True,0,0.0,32.0,94.37189097991907,91.203475426588,3.168415553331073,-5.684341886080802e-14,18222.34842419377,269.55129283396934,6.217248937900877e-15,0.0,326.25060413143467,4,4,2,/home/user/projects/AIDRBench/results/nature_mainline/commitment_validation_v1/runs/confirmation/job_count/H8P16/repeated_f0.5_1011153.parquet,279c22eea27b58331ba8edd5a60a9da945ef183a0ddb05d87252917f10cee157,/home/user/projects/AIDRBench/results/nature_mainline/commitment_validation_v1/inputs/confirmation/job_count/1011153/H8P16/hourly_seed_1011153,0ee11e87774dcfcabe4ae48fdae40e0f04099b0c9e71376da2035ef9129f613f
confirmation,job_count,1011154,H8P16,0.5,repeated,2.949121593122471,193.4389798490304,14,True,True,True,0.0,0.0,False,False,False,False,False,False,True,True,0,0.0,32.0,94.37189097991907,91.08905296679944,3.2828380131196297,2.859236382865106,17133.517156821013,269.22511564152063,0.0,0.0,309.65062017245634,3,3,0,/home/user/projects/AIDRBench/results/nature_mainline/commitment_validation_v1/runs/confirmation/job_count/H8P16/repeated_f0.5_1011154.parquet,35ae82e64154266188a7a33f89af4b115c3ae59993c786c31ac3d83af00fa47e,/home/user/projects/AIDRBench/results/nature_mainline/commitment_validation_v1/inputs/confirmation/job_count/1011154/H8P16/hourly_seed_1011154,dde89976158cb49a75557345a87b01e0ae8f953afa3c1bed8413d5a0a1f9cfc4
confirmation,job_count,1011155,H8P16,0.5,repeated,2.949121593122471,193.4389798490304,0,True,True,True,0.0,0.0,False,False,False,False,False,False,True,True,0,0.0,32.0,94.37189097991907,91.52035444844802,2.851536531471055,-5.684341886080802e-14,16024.793243051048,270.67511706432776,0.0,0.0,292.77659871175456,5,5,7,/home/user/projects/AIDRBench/results/nature_mainline/commitment_validation_v1/runs/confirmation/job_count/H8P16/repeated_f0.5_1011155.parquet,b6c93b7ec3d51a893aa0b1be93ae63beb4df52e65d48d4123c573a2ec76def6c,/home/user/projects/AIDRBench/results/nature_mainline/commitment_validation_v1/inputs/confirmation/job_count/1011155/H8P16/hourly_seed_1011155,e82d5c935c461edc6bd3b5383a5836176ecbe173816c121f980aadec5aa97886
confirmation,job_count,1011156,H8P16,0.5,repeated,2.949121593122471,193.4389798490304,19,True,True,True,0.0,0.0,False,False,False,False,False,False,True,True,0,0.0,32.0,94.37189097991907,91.6246398722925,2.7472511076265675,3.1267045320602733,15674.974099893732,270.2054201630952,0.0,0.0,282.7680080925093,1,1,6,/home/user/projects/AIDRBench/results/nature_mainline/commitment_validation_v1/runs/confirmation/job_count/H8P16/repeated_f0.5_1011156.parquet,3c408c0e5ccb2cd4aacacc0af054c859ced1fcefc388a445f67242a1063d941d,/home/user/projects/AIDRBench/results/nature_mainline/commitment_validation_v1/inputs/confirmation/job_count/1011156/H8P16/hourly_seed_1011156,9852e02d8050f02af77d224b10dc2e11edae67e2b095ad60b82e42528231754d
confirmation,job_count,1011157,H8P16,0.5,repeated,2.949121593122471,193.4389798490304,20,True,True,True,0.0,0.0,False,False,False,False,False,False,True,True,0,0.0,32.0,94.37189097991907,91.92992175039399,2.4419692295250854,-1.1368683772161603e-13,15159.884163868694,271.41995920349535,0.0,0.0,271.1662521724648,0,0,5,/home/user/projects/AIDRBench/results/nature_mainline/commitment_validation_v1/runs/confirmation/job_count/H8P16/repeated_f0.5_1011157.parquet,b3d245740c44b23fe503866e46fc88b8fc814e2264469efadadc76853b0b8bd2,/home/user/projects/AIDRBench/results/nature_mainline/commitment_validation_v1/inputs/confirmation/job_count/1011157/H8P16/hourly_seed_1011157,216ab58fcf0d8f9dff1d078e5c88bc063b2e0f42639b3c446c61f370b0176590
confirmation,job_count,1011158,H8P16,0.5,repeated,2.949121593122471,193.4389798490304,21,True,True,True,1.4432899320127035e-14,2.2946077724560945e-18,False,False,False,False,False,False,True,True,0,0.0,32.0,94.37189097991907,91.64777334095987,2.7241176389592,0.8118502029848855,13824.978261993836,270.3489183512861,1.4432899320127035e-14,0.0,255.0079099855778,2,2,6,/home/user/projects/AIDRBench/results/nature_mainline/commitment_validation_v1/runs/confirmation/job_count/H8P16/repeated_f0.5_1011158.parquet,418e0dc8817d6f9847bd927855e6f82dc26c6ff02a637877ca018db1508ac07b,/home/user/projects/AIDRBench/results/nature_mainline/commitment_validation_v1/inputs/confirmation/job_count/1011158/H8P16/hourly_seed_1011158,bda1a73889100d9f8ec76cc1f13f2ba50972344d232b87e20135587bd2eadef9
confirmation,job_count,1011159,H8P16,0.5,repeated,2.949121593122471,193.4389798490304,14,True,True,True,0.0,0.0,False,False,False,False,False,False,True,True,0,0.0,32.0,94.37189097991907,91.32275576527604,3.04913521464303,-5.684341886080802e-14,16143.847150807582,268.75439822131096,0.0,0.0,293.45655145530725,3,3,1,/home/user/projects/AIDRBench/results/nature_mainline/commitment_validation_v1/runs/confirmation/job_count/H8P16/repeated_f0.5_1011159.parquet,22df032f22b7869173175ce2b769eb0d4cb8ee51a0a69fd455ffe5bc70a8b1d9,/home/user/projects/AIDRBench/results/nature_mainline/commitment_validation_v1/inputs/confirmation/job_count/1011159/H8P16/hourly_seed_1011159,1ea6879eeb438d8e0ec706491be4ab98d655b5a7913d3a53d698d2a6979afd22
confirmation,job_count,1011160,H8P16,0.5,repeated,2.949121593122471,193.4389798490304,10,True,True,True,0.0,0.0,False,False,False,False,False,False,True,True,0,0.0,32.0,94.37189097991907,91.06132543249606,3.3105655474230105,5.117288992551039e-08,17012.76833167182,268.78935632204985,0.0,0.0,304.6099353922839,0,0,4,/home/user/projects/AIDRBench/results/nature_mainline/commitment_validation_v1/runs/confirmation/job_count/H8P16/repeated_f0.5_1011160.parquet,84778e86c0a94ec54bc1338e15748a310ee1207748f34686c0e105208f2db9a2,/home/user/projects/AIDRBench/results/nature_mainline/commitment_validation_v1/inputs/confirmation/job_count/1011160/H8P16/hourly_seed_1011160,4333a96aa401b8daefe58f4d1f819443e26e0f0927ed4e2f077475e8881ac613
confirmation,job_count,1011161,H8P16,0.5,repeated,2.949121593122471,193.4389798490304,19,True,True,True,0.0,0.0,False,False,False,False,False,False,True,True,0,0.0,32.0,94.37189097991907,91.4046659827365,2.9672249971825693,3.11020809667815,15374.446494156902,270.2524414924981,0.0,0.0,277.59874037848573,1,1,6,/home/user/projects/AIDRBench/results/nature_mainline/commitment_validation_v1/runs/confirmation/job_count/H8P16/repeated_f0.5_1011161.parquet,5e631d2818e6372c9eb6b2f56d42dbfa38b301da9dcbe1e49e2b99329b78ed8f,/home/user/projects/AIDRBench/results/nature_mainline/commitment_validation_v1/inputs/confirmation/job_count/1011161/H8P16/hourly_seed_1011161,389e056b9184726e0bf5aeb6be5fd2f437c1d9fafedaeff16ba82745d1f70bb9
confirmation,job_count,1011162,H8P16,0.5,repeated,2.949121593122471,193.4389798490304,1,True,True,True,0.0,0.0,False,False,False,False,False,False,True,True,0,0.0,32.0,94.37189097991907,91.34665062869954,3.025240351219537,2.7230089472141117e-07,15981.49848877637,269.22487212924955,0.0,0.0,284.40871067177557,8,8,2,/home/user/projects/AIDRBench/results/nature_mainline/commitment_validation_v1/runs/confirmation/job_count/H8P16/repeated_f0.5_1011162.parquet,589acebdb7861eda05e5a13edcf0605bc171d008c78bdbd4f3a0a82189fa125b,/home/user/projects/AIDRBench/results/nature_mainline/commitment_validation_v1/inputs/confirmation/job_count/1011162/H8P16/hourly_seed_1011162,94faea46071c46b2283c2d2e327a6eeb6eaf6e8d9aee8c07ed9ba7e562114190
confirmation,job_count,1011163,H8P16,0.5,repeated,2.949121593122471,193.4389798490304,21,True,True,True,0.0,0.0,False,False,False,False,False,False,True,True,0,0.0,32.0,94.37189097991907,91.86476024161374,2.507130738305335,6.090425586080528e-08,15054.315823278881,271.04453859461,0.0,0.0,271.3684450880445,0,0,3,/home/user/projects/AIDRBench/results/nature_mainline/commitment_validation_v1/runs/confirmation/job_count/H8P16/repeated_f0.5_1011163.parquet,b68306b0fc147c875e121d13256fcb46c492afca9b928abc726c10c62980bfb3,/home/user/projects/AIDRBench/results/nature_mainline/commitment_validation_v1/inputs/confirmation/job_count/1011163/H8P16/hourly_seed_1011163,347fa41e5dbd11a7ac020e6f8d0adea92effdea029d66017604b92940972d05d
confirmation,job_count,1011164,H8P16,0.5,repeated,2.949121593122471,193.4389798490304,11,True,True,True,1.7430501486614958e-14,2.771180155966207e-18,False,False,False,False,False,False,True,True,0,0.0,32.0,94.37189097991907,91.27207102501723,3.0998199549018466,8.512819249517634e-08,16560.96948929288,269.2647468973619,1.7430501486614958e-14,0.0,295.5890104122694,1,1,2,/home/user/projects/AIDRBench/results/nature_mainline/commitment_validation_v1/runs/confirmation/job_count/H8P16/repeated_f0.5_1011164.parquet,4feb00a4f1fce987cb7116ff1764e4ed974e23143ea357ed2c7d9dfd954f460f,/home/user/projects/AIDRBench/results/nature_mainline/commitment_validation_v1/inputs/confirmation/job_count/1011164/H8P16/hourly_seed_1011164,a1a2cd394d50b0761b4467cc4b05dc411c0dda06c769b45c2b1c4ff2131b5b4e
confirmation,job_count,1011165,H8P16,0.5,repeated,2.949121593122471,193.4389798490304,23,True,True,True,0.0,0.0,False,False,False,False,False,False,True,True,0,0.0,32.0,94.37189097991907,92.06925519024145,2.3026357896776233,1.5285127119568642e-07,15858.35182885725,272.3550223440362,0.0,0.0,317.4669050404728,4,4,3,/home/user/projects/AIDRBench/results/nature_mainline/commitment_validation_v1/runs/confirmation/job_count/H8P16/repeated_f0.5_1011165.parquet,d5ee123b0563ef3ea38a1bd5942d7b3bea9621a956f9dcc951e218393c64e567,/home/user/projects/AIDRBench/results/nature_mainline/commitment_validation_v1/inputs/confirmation/job_count/1011165/H8P16/hourly_seed_1011165,60f41c998710baf4bcbdee46f5db6565caa09dc8d5cf031a32d9ebab87e28843
confirmation,job_count,1011166,H8P16,0.5,repeated,2.949121593122471,193.4389798490304,16,True,True,True,0.0,0.0,False,False,False,False,False,False,True,True,0,0.0,32.0,94.37189097991907,91.15833021005278,3.213560769866291,7.972215598783805e-08,16955.97766305133,268.8534425891621,0.0,0.0,303.43563693268624,3,3,0,/home/user/projects/AIDRBench/results/nature_mainline/commitment_validation_v1/runs/confirmation/job_count/H8P16/repeated_f0.5_1011166.parquet,01bc34840536b8d942846ebd384f8e482365f7d47f2d2b6876297834c6f80c0b,/home/user/projects/AIDRBench/results/nature_mainline/commitment_validation_v1/inputs/confirmation/job_count/1011166/H8P16/hourly_seed_1011166,d2b0cfde10d936ce1ecc58ae3c50e51e2b3ef3ac98379a13b26bfa0c5775f561
confirmation,job_count,1011167,H8P16,0.5,repeated,2.949121593122471,193.4389798490304,18,True,True,True,4.773959005888173e-15,7.589856478124006e-19,False,False,False,False,False,False,True,True,0,0.0,32.0,94.37189097991907,91.43262115389405,2.9392698260250256,3.5348762139619794e-08,15270.988017230591,269.47959625053386,4.773959005888173e-15,0.0,276.2164494372363,0,0,4,/home/user/projects/AIDRBench/results/nature_mainline/commitment_validation_v1/runs/confirmation/job_count/H8P16/repeated_f0.5_1011167.parquet,38707ef4ada598ff8c1a1d5ac6f0b9ce3cefb483cb6efc06832695fcc3b6307a,/home/user/projects/AIDRBench/results/nature_mainline/commitment_validation_v1/inputs/confirmation/job_count/1011167/H8P16/hourly_seed_1011167,e61be64ce950407a602d5d39c811055529b83e8d7796cbf91fe02ee3b460c0a9
confirmation,job_count,1011168,H8P16,0.5,repeated,2.949121593122471,193.4389798490304,9,True,True,True,1.9095836023552692e-14,3.0359425912496022e-18,False,False,False,False,False,False,True,True,0,0.0,32.0,94.37189097991907,91.32611440432288,3.045776575596193,-4.547473508864641e-13,18101.937334253817,270.3363268563378,1.9095836023552692e-14,0.0,328.57558343811354,2,2,0,/home/user/projects/AIDRBench/results/nature_mainline/commitment_validation_v1/runs/confirmation/job_count/H8P16/repeated_f0.5_1011168.parquet,327324436b780191c9841c8e4eb96772d234a30644171b5c4535387b35c081a3,/home/user/projects/AIDRBench/results/nature_mainline/commitment_validation_v1/inputs/confirmation/job_count/1011168/H8P16/hourly_seed_1011168,9de46114a60c65e3eba8491a67f45f2fd28d1a2529e9bf636138c63550f34728
confirmation,job_count,1011169,H8P16,0.5,repeated,2.949121593122471,193.4389798490304,14,True,True,True,0.0,0.0,False,False,False,False,False,False,True,True,0,0.0,32.0,94.37189097991907,91.58314355142437,2.788747428494702,2.0068796402483713e-07,17510.99572573255,270.94510517940273,0.0,0.0,303.9466477612746,2,2,7,/home/user/projects/AIDRBench/results/nature_mainline/commitment_validation_v1/runs/confirmation/job_count/H8P16/repeated_f0.5_1011169.parquet,e987fadf138a17ff4bd43a9ae726bde7257b03c9c24361142e1552c7f3e2ca17,/home/user/projects/AIDRBench/results/nature_mainline/commitment_validation_v1/inputs/confirmation/job_count/1011169/H8P16/hourly_seed_1011169,b4224a9c623d8a5fa29012afca73732467f1017119a124d0e57692ec558be760
confirmation,job_count,1011170,H8P16,0.5,repeated,2.949121593122471,193.4389798490304,9,True,True,True,0.0,0.0,False,False,False,False,False,False,True,True,0,0.0,32.0,94.37189097991907,91.2209901366038,3.15090084331527,0.0,18062.44124710312,269.247247037575,0.0,0.0,321.61785803100895,1,1,2,/home/user/projects/AIDRBench/results/nature_mainline/commitment_validation_v1/runs/confirmation/job_count/H8P16/repeated_f0.5_1011170.parquet,7af09201e9a4e67b65c011a48d06fb9c8ab1eaa5625c95822443eff1140b36e8,/home/user/projects/AIDRBench/results/nature_mainline/commitment_validation_v1/inputs/confirmation/job_count/1011170/H8P16/hourly_seed_1011170,02ba6b4d8a25d0ea78fb6d9bd7962d3a72ba86a81beff15146c280112ca69055
confirmation,job_count,1011171,H8P16,0.5,repeated,2.949121593122471,193.4389798490304,4,True,True,True,0.0,0.0,False,False,False,False,False,False,True,True,0,0.0,32.0,94.37189097991907,91.54698343455385,2.824907545365221,9.704456260806182e-08,16117.714767704301,269.7342276300517,0.0,0.0,293.4775408805376,2,2,6,/home/user/projects/AIDRBench/results/nature_mainline/commitment_validation_v1/runs/confirmation/job_count/H8P16/repeated_f0.5_1011171.parquet,fa8278c6644f7783afd0fa333bfd5e91afffee39dc1b7228d3d7c3b7a7753b1d,/home/user/projects/AIDRBench/results/nature_mainline/commitment_validation_v1/inputs/confirmation/job_count/1011171/H8P16/hourly_seed_1011171,e44e07101e744c40e903afb19010ede2c2a1997a597bca7dfdbc91c5e9d87a6b
confirmation,job_count,1011172,H8P16,0.5,repeated,2.949121593122471,193.4389798490304,13,True,True,True,0.0,0.0,False,False,False,False,False,False,True,True,0,0.0,32.0,94.37189097991907,91.31977129079485,3.0521196891242255,1.1368683772161603e-13,15898.267014740377,269.768603338057,0.0,0.0,288.0643570203233,1,1,2,/home/user/projects/AIDRBench/results/nature_mainline/commitment_validation_v1/runs/confirmation/job_count/H8P16/repeated_f0.5_1011172.parquet,731918369f4fc752f29f7b94e8ecc6a25c9794bfd0b6dbe6a303fe8ef43b83a0,/home/user/projects/AIDRBench/results/nature_mainline/commitment_validation_v1/inputs/confirmation/job_count/1011172/H8P16/hourly_seed_1011172,d652c83cec3884dfa23b315c28ecf76c25fe6ddd16c81e9268da77275c8c354d
confirmation,job_count,1011173,H8P16,0.5,repeated,2.949121593122471,193.4389798490304,0,True,True,True,9.492406860545088e-15,1.5091458811153546e-18,False,False,False,False,False,False,True,True,0,0.0,32.0,94.37189097991907,91.16768927260023,3.2042017073188447,-3.979039320256561e-13,16640.96510421822,269.18731024652845,9.492406860545088e-15,0.0,289.0833844327717,7,7,0,/home/user/projects/AIDRBench/results/nature_mainline/commitment_validation_v1/runs/confirmation/job_count/H8P16/repeated_f0.5_1011173.parquet,4544ce105cb9fe87f46c5e09d12e1f15c2babac786bc1409a20565aef72f3047,/home/user/projects/AIDRBench/results/nature_mainline/commitment_validation_v1/inputs/confirmation/job_count/1011173/H8P16/hourly_seed_1011173,aff8eb286087a84d2814653870b9ea5afa860531d67f7636769a1907ba06a6d7
confirmation,job_count,1011174,H8P16,0.5,repeated,2.949121593122471,193.4389798490304,22,True,True,True,0.0,0.0,False,False,False,False,False,False,True,True,0,0.0,32.0,94.37189097991907,91.56166901289868,2.8102219670203965,1.8294730352863553e-07,15679.335893483789,270.12341244124275,0.0,0.0,288.49252367962595,3,3,1,/home/user/projects/AIDRBench/results/nature_mainline/commitment_validation_v1/runs/confirmation/job_count/H8P16/repeated_f0.5_1011174.parquet,6c03f179ae433d79b5bd967f172eee6eea1368237886c347dc2c3116e7c35283,/home/user/projects/AIDRBench/results/nature_mainline/commitment_validation_v1/inputs/confirmation/job_count/1011174/H8P16/hourly_seed_1011174,6461cdf6ab00c92cd9452ac7394086cb9dc802c32b6509d0fbf5054e0dbe42e3
confirmation,job_count,1011175,H8P16,0.5,repeated,2.949121593122471,193.4389798490304,11,True,True,True,0.0,0.0,False,False,False,False,False,False,True,True,0,0.0,32.0,94.37189097991907,91.14790095191819,3.223990028000884,5.684341886080802e-14,17447.89688095927,268.69147729800477,0.0,0.0,299.66826685311867,1,1,5,/home/user/projects/AIDRBench/results/nature_mainline/commitment_validation_v1/runs/confirmation/job_count/H8P16/repeated_f0.5_1011175.parquet,aa8850b76cee1fedc315efd542defa0f2e8af7f08f3328ae3cafc655136fec5c,/home/user/projects/AIDRBench/results/nature_mainline/commitment_validation_v1/inputs/confirmation/job_count/1011175/H8P16/hourly_seed_1011175,754e8b5756fa2fff99a82cfbbb721117ba00960edd6fb7c0183f7e17605e896d
confirmation,job_count,1011176,H8P16,0.5,repeated,2.949121593122471,193.4389798490304,8,True,True,True,0.0,0.0,False,False,False,False,False,False,True,True,0,0.0,32.0,94.37189097991907,91.41787279361097,2.9540181863081045,3.540412762959022e-08,18080.9874552541,270.76996559201075,0.0,0.0,326.61000316280985,2,2,0,/home/user/projects/AIDRBench/results/nature_mainline/commitment_validation_v1/runs/confirmation/job_count/H8P16/repeated_f0.5_1011176.parquet,aa47e8a94a8349bee999c05e9c7f8f3a99f75c559b371725a90eae3021f8f2d9,/home/user/projects/AIDRBench/results/nature_mainline/commitment_validation_v1/inputs/confirmation/job_count/1011176/H8P16/hourly_seed_1011176,02c0bca83c52505cde2861acc2e1162f03194476292735616d0e20de27b00b96
confirmation,job_count,1011177,H8P16,0.5,repeated,2.949121593122471,193.4389798490304,12,True,True,True,1.3322676295501878e-15,2.118099482267164e-19,False,False,False,False,False,False,True,True,0,0.0,32.0,94.37189097991907,91.0079974011835,3.3638935787355706,-1.1368683772161603e-13,17441.638438769216,268.71384859767034,1.3322676295501878e-15,0.0,300.5274807442809,1,1,5,/home/user/projects/AIDRBench/results/nature_mainline/commitment_validation_v1/runs/confirmation/job_count/H8P16/repeated_f0.5_1011177.parquet,45c17ae74c52d1f9ebf4b0dddb706a184049cf837888bdb86c935864de90998b,/home/user/projects/AIDRBench/results/nature_mainline/commitment_validation_v1/inputs/confirmation/job_count/1011177/H8P16/hourly_seed_1011177,866a3ba53fff0b05a6204f1c3c4a676cbc71dc16a0bafff2936a077bd50fbc08
confirmation,job_count,1011178,H8P16,0.5,repeated,2.949121593122471,193.4389798490304,11,True,True,True,0.0,0.0,False,False,False,False,False,False,True,True,0,0.0,32.0,94.37189097991907,91.1753951737432,3.196495806175875,5.085325938125607e-09,17212.556437962143,268.76953148335906,0.0,0.0,306.47870514257704,1,1,6,/home/user/projects/AIDRBench/results/nature_mainline/commitment_validation_v1/runs/confirmation/job_count/H8P16/repeated_f0.5_1011178.parquet,5a99bd347c1f32029f0db309b61c56c361b655501a13a4a1f7dab95be628c762,/home/user/projects/AIDRBench/results/nature_mainline/commitment_validation_v1/inputs/confirmation/job_count/1011178/H8P16/hourly_seed_1011178,2e29d47112e261fe79bef27a6276fca57a9b6c6af5d69fdc1762af1aa3f2423b
confirmation,job_count,1011179,H8P16,0.5,repeated,2.949121593122471,193.4389798490304,5,True,True,True,0.0,0.0,False,False,False,False,False,False,True,True,0,0.0,32.0,94.37189097991907,91.72477791552166,2.6471130643974163,-1.1368683772161603e-13,15624.687614857135,270.6579466281859,0.0,0.0,281.7353825165374,1,1,5,/home/user/projects/AIDRBench/results/nature_mainline/commitment_validation_v1/runs/confirmation/job_count/H8P16/repeated_f0.5_1011179.parquet,6c26c635b7dc70f359542e06e0874a559036c1fb32d1c4afe3a4c3c630b92fbb,/home/user/projects/AIDRBench/results/nature_mainline/commitment_validation_v1/inputs/confirmation/job_count/1011179/H8P16/hourly_seed_1011179,32ff144a02abf760ad6d29c8f30e3593e16b839b497ce60f0589dcff6a501566
confirmation,job_count,1011180,H8P16,0.5,repeated,2.949121593122471,193.4389798490304,12,True,True,True,2.220446049250313e-15,3.5301658037786073e-19,False,False,False,False,False,False,True,True,0,0.0,32.0,94.37189097991907,91.50044706970476,2.8714439102143103,-5.684341886080802e-14,16170.502125806968,269.35655249338674,2.220446049250313e-15,0.0,293.8518710481802,1,1,2,/home/user/projects/AIDRBench/results/nature_mainline/commitment_validation_v1/runs/confirmation/job_count/H8P16/repeated_f0.5_1011180.parquet,cb36004e71748523aa2544963fa72d0dcaba959ee144c9f816289acb290570bb,/home/user/projects/AIDRBench/results/nature_mainline/commitment_validation_v1/inputs/confirmation/job_count/1011180/H8P16/hourly_seed_1011180,0bf73de04d9b896500c825ea01df0d29a8feae515a8b1be832576ef9759bd5ae
confirmation,job_count,1011181,H8P16,0.5,repeated,2.949121593122471,193.4389798490304,3,True,True,True,0.0,0.0,False,False,False,False,False,False,True,True,0,0.0,32.0,94.37189097991907,91.53751126809601,2.834379711823061,-1.1368683772161603e-13,15290.725858266975,269.65085755209964,0.0,0.0,276.73012808206687,1,1,1,/home/user/projects/AIDRBench/results/nature_mainline/commitment_validation_v1/runs/confirmation/job_count/H8P16/repeated_f0.5_1011181.parquet,10747507073beac8a36c616872a6effddf84856799dba0134b86860cb07d96f4,/home/user/projects/AIDRBench/results/nature_mainline/commitment_validation_v1/inputs/confirmation/job_count/1011181/H8P16/hourly_seed_1011181,489d6f8c25e2749200c811b0ebc19f1726c05d88a1f9da3a6548847db52b9007
confirmation,job_count,1011182,H8P16,0.5,repeated,2.949121593122471,193.4389798490304,15,True,True,True,0.0,0.0,False,False,False,False,False,False,True,True,0,0.0,32.0,94.37189097991907,91.3451295770792,3.026761402839867,9.692337243905058e-08,18004.506278879526,270.03363676976755,0.0,0.0,310.6347870827269,3,3,3,/home/user/projects/AIDRBench/results/nature_mainline/commitment_validation_v1/runs/confirmation/job_count/H8P16/repeated_f0.5_1011182.parquet,0d55d3d31a38a75056e1fc4f68b9515ac70eebeefcf12c0afad17a75c1a56e27,/home/user/projects/AIDRBench/results/nature_mainline/commitment_validation_v1/inputs/confirmation/job_count/1011182/H8P16/hourly_seed_1011182,95d66d5c3dbf51ad6e3f8e26d79823daa26a3f5a4f21f4f31bda6a6f8d616eee
confirmation,job_count,1011183,H8P16,0.5,repeated,2.949121593122471,193.4389798490304,3,True,True,True,0.0,0.0,False,False,False,False,False,False,True,True,0,0.0,32.0,94.37189097991907,91.51961962938623,2.8522713505328454,4.267178610461997e-08,14434.385973453678,269.67332114047974,0.0,0.0,268.7914053701396,0,0,4,/home/user/projects/AIDRBench/results/nature_mainline/commitment_validation_v1/runs/confirmation/job_count/H8P16/repeated_f0.5_1011183.parquet,1f94dd57870ba3b36236de342762ad871e732413073dc2973a461abdfe77da3c,/home/user/projects/AIDRBench/results/nature_mainline/commitment_validation_v1/inputs/confirmation/job_count/1011183/H8P16/hourly_seed_1011183,a731c5a933501412627a3ec0ee2607ede7187aa3c31904adcd2ba399dd8f4394
confirmation,job_count,1011184,H8P16,0.5,repeated,2.949121593122471,193.4389798490304,11,True,True,True,0.0,0.0,False,False,False,False,False,False,True,True,0,0.0,32.0,94.37189097991907,91.24859202071582,3.123298959203254,5.2963571306463564e-08,17444.790282767426,269.5896469049625,0.0,0.0,303.7777443292819,1,1,7,/home/user/projects/AIDRBench/results/nature_mainline/commitment_validation_v1/runs/confirmation/job_count/H8P16/repeated_f0.5_1011184.parquet,6b04f1046ce9b3e8ed2550015743a770d0b6131eb9df96154554b0ced7dab17a,/home/user/projects/AIDRBench/results/nature_mainline/commitment_validation_v1/inputs/confirmation/job_count/1011184/H8P16/hourly_seed_1011184,b6f8a79853c4835654bc2d9f7fca18efbec313c6c26db7344350155da1d14ad6
confirmation,job_count,1011185,H8P16,0.5,repeated,2.949121593122471,193.4389798490304,13,True,True,True,0.0,0.0,False,False,False,False,False,False,True,True,0,0.0,32.0,94.37189097991907,91.31961963587383,3.052271344045238,-3.979039320256561e-13,16280.864013551149,269.6276828182282,0.0,0.0,294.2588653344561,3,3,2,/home/user/projects/AIDRBench/results/nature_mainline/commitment_validation_v1/runs/confirmation/job_count/H8P16/repeated_f0.5_1011185.parquet,966c4bbf29f0f68aea8ef98afaef146f8661811fd8555e718f11ac71f17e52f4,/home/user/projects/AIDRBench/results/nature_mainline/commitment_validation_v1/inputs/confirmation/job_count/1011185/H8P16/hourly_seed_1011185,a0cf29b8792c83f7224fc2d07c9b0e9455b35ccf44f50960b5c82a7c0a4b8d0f
confirmation,job_count,1011186,H8P16,0.5,repeated,2.949121593122471,193.4389798490304,5,True,True,True,0.0,0.0,False,False,False,False,False,False,True,True,0,0.0,32.0,94.37189097991907,91.3893058901989,2.9825850897201747,3.1606566608388675e-07,15623.73848321611,269.7132561218736,0.0,0.0,288.2979824735159,1,1,4,/home/user/projects/AIDRBench/results/nature_mainline/commitment_validation_v1/runs/confirmation/job_count/H8P16/repeated_f0.5_1011186.parquet,11ca7df8d24df40c8e99f44859cc0df177e434c5c8f225cdb68350f6289daf5e,/home/user/projects/AIDRBench/results/nature_mainline/commitment_validation_v1/inputs/confirmation/job_count/1011186/H8P16/hourly_seed_1011186,14ef9672fd4fe670b4cc93cb8b56d950eee99e1726e42804067581bdc27bf558
confirmation,job_count,1011187,H8P16,0.5,repeated,2.949121593122471,193.4389798490304,8,True,True,True,0.0,0.0,False,False,False,False,False,False,True,True,0,0.0,32.0,94.37189097991907,91.56624782376616,2.805643156152911,9.600375960872043e-08,18473.61400707608,269.60640312166197,0.0,0.0,324.50834717287967,7,7,4,/home/user/projects/AIDRBench/results/nature_mainline/commitment_validation_v1/runs/confirmation/job_count/H8P16/repeated_f0.5_1011187.parquet,877ea55a54f44975b2e9e843e36f04604475c825ddbead66f1e6a5ec1b7f1316,/home/user/projects/AIDRBench/results/nature_mainline/commitment_validation_v1/inputs/confirmation/job_count/1011187/H8P16/hourly_seed_1011187,d528d0761fd23a097f9771543c62b670cba165de5c7a0986b93ed580dc3cde19
confirmation,job_count,1011188,H8P16,0.5,repeated,2.949121593122471,193.4389798490304,14,True,True,True,0.0,0.0,False,False,False,False,False,False,True,True,0,0.0,32.0,94.37189097991907,91.25672114885845,3.1151698310606264,-2.2737367544323206e-13,16405.343920274427,269.59225994290654,0.0,0.0,290.26573756253805,1,1,5,/home/user/projects/AIDRBench/results/nature_mainline/commitment_validation_v1/runs/confirmation/job_count/H8P16/repeated_f0.5_1011188.parquet,dcde09e820d79d0ef5fbab64052aff6fc977c2093815b2815e986d877fddd05b,/home/user/projects/AIDRBench/results/nature_mainline/commitment_validation_v1/inputs/confirmation/job_count/1011188/H8P16/hourly_seed_1011188,92a068a716b650dba5454a68aa9b61a5df689e2e9f885945ffd33942077161b1
confirmation,job_count,1011189,H8P16,0.5,repeated,2.949121593122471,193.4389798490304,9,True,True,True,1.176836406102666e-14,1.8709878760026617e-18,False,False,False,False,False,False,True,True,0,0.0,32.0,94.37189097991907,91.20678705598021,3.165103923938858,0.2528817332050721,18346.214796294887,269.2571931960581,1.176836406102666e-14,0.0,322.28246032133046,1,1,4,/home/user/projects/AIDRBench/results/nature_mainline/commitment_validation_v1/runs/confirmation/job_count/H8P16/repeated_f0.5_1011189.parquet,8caf96b82c4b8118c2840f5c23ccab329d795ed01f61f93b4509f581572faf1f,/home/user/projects/AIDRBench/results/nature_mainline/commitment_validation_v1/inputs/confirmation/job_count/1011189/H8P16/hourly_seed_1011189,f9ae2ac40fb5f3ac1e173f65a41934d2ecde2ae45cda593f820d83dee3fa5f34
confirmation,job_count,1011190,H8P16,0.5,repeated,2.949121593122471,193.4389798490304,14,True,True,True,0.0,0.0,False,False,False,False,False,False,True,True,0,0.0,32.0,94.37189097991907,91.00806411560251,3.3638268643165645,2.845524097044745,17136.524305921313,269.246794923709,0.0,0.0,309.8234356145416,3,3,0,/home/user/projects/AIDRBench/results/nature_mainline/commitment_validation_v1/runs/confirmation/job_count/H8P16/repeated_f0.5_1011190.parquet,2e78b4a35dab181480f15e8e843ea300638b1cf2db839caae5078c678829c8fd,/home/user/projects/AIDRBench/results/nature_mainline/commitment_validation_v1/inputs/confirmation/job_count/1011190/H8P16/hourly_seed_1011190,69e9cf156f657b90fcd9330c96ef648db626a69239c9c97b390702b26fa481d1
confirmation,job_count,1011191,H8P16,0.5,repeated,2.949121593122471,193.4389798490304,19,True,True,True,0.0,0.0,False,False,False,False,False,False,True,True,0,0.0,32.0,94.37189097991907,91.69016375433944,2.6817272255796354,1.8440231309123192,16345.961428634719,271.2014566870147,0.0,0.0,294.7095303275925,0,0,5,/home/user/projects/AIDRBench/results/nature_mainline/commitment_validation_v1/runs/confirmation/job_count/H8P16/repeated_f0.5_1011191.parquet,c5e1d6ef82be81939bc818596a4288e247d2a18699b67e650f6a4d3206ed8888,/home/user/projects/AIDRBench/results/nature_mainline/commitment_validation_v1/inputs/confirmation/job_count/1011191/H8P16/hourly_seed_1011191,61c8ecaf52eed2a738b9be72827e3519a854392a22f36a944eb5b3587943faab
confirmation,job_count,1011192,H8P16,0.5,repeated,2.949121593122471,193.4389798490304,5,True,True,True,0.0,0.0,False,False,False,False,False,False,True,True,0,0.0,32.0,94.37189097991907,91.90499445638943,2.466896523529641,-5.115907697472721e-13,15261.48442304584,271.6188857081156,0.0,0.0,285.17861683441623,0,0,7,/home/user/projects/AIDRBench/results/nature_mainline/commitment_validation_v1/runs/confirmation/job_count/H8P16/repeated_f0.5_1011192.parquet,bc04c2e686038698c4b956bda68430d591a7caa416ee1a626eac8819400b096b,/home/user/projects/AIDRBench/results/nature_mainline/commitment_validation_v1/inputs/confirmation/job_count/1011192/H8P16/hourly_seed_1011192,4746419213e78ede5bec38c455fbc66c60ff02799c375260d48dc1fe1f11d0cb
confirmation,job_count,1011193,H8P16,0.5,repeated,2.949121593122471,193.4389798490304,23,True,True,True,0.0,0.0,False,False,False,False,False,False,True,True,0,0.0,32.0,94.37189097991907,92.06135254486759,2.310538435051484,-1.1368683772161603e-13,15945.070764866261,273.16092787572336,0.0,0.0,303.4270641679803,3,3,5,/home/user/projects/AIDRBench/results/nature_mainline/commitment_validation_v1/runs/confirmation/job_count/H8P16/repeated_f0.5_1011193.parquet,e9f5233a2f7a2121e942dfb3a7cd332f818a0050bf0466686167ee4fcaebf248,/home/user/projects/AIDRBench/results/nature_mainline/commitment_validation_v1/inputs/confirmation/job_count/1011193/H8P16/hourly_seed_1011193,9af647da0cfe333a8a62f5db551103dcd3ee4030c7e73b0af27b61f115f4d6f4
confirmation,job_count,1011194,H8P16,0.5,repeated,2.949121593122471,193.4389798490304,6,True,True,True,0.0,0.0,False,False,False,False,False,False,True,True,0,0.0,32.0,94.37189097991907,91.28493874437038,3.0869522355486936,2.336209945497103e-07,15164.927444621166,269.3630287336531,0.0,0.0,281.86964022292165,2,2,6,/home/user/projects/AIDRBench/results/nature_mainline/commitment_validation_v1/runs/confirmation/job_count/H8P16/repeated_f0.5_1011194.parquet,ce8b615ca97ff9bec80f779cba00702521a4d9cc10f2008bb46bca7ef974a665,/home/user/projects/AIDRBench/results/nature_mainline/commitment_validation_v1/inputs/confirmation/job_count/1011194/H8P16/hourly_seed_1011194,de9a5c8bba1f6cad819f26198f32973fad44bfe65165afdc8fe65233bd465cd9
confirmation,job_count,1011195,H8P16,0.5,repeated,2.949121593122471,193.4389798490304,22,True,True,True,0.0,0.0,False,False,False,False,False,False,True,True,0,0.0,32.0,94.37189097991907,92.15245421920673,2.219436760712341,3.678238726934069e-07,15212.927171981803,272.8079566228274,0.0,0.0,282.8144911506141,3,3,7,/home/user/projects/AIDRBench/results/nature_mainline/commitment_validation_v1/runs/confirmation/job_count/H8P16/repeated_f0.5_1011195.parquet,a6f36ed7c520d004df6b930b47d7f63550b61be00fd0053ba81173a7fa6993d7,/home/user/projects/AIDRBench/results/nature_mainline/commitment_validation_v1/inputs/confirmation/job_count/1011195/H8P16/hourly_seed_1011195,6eb58c6b9e6c4269e378a2f67a003a679200ab200a362c4075e41da1122191d7
confirmation,job_count,1011196,H8P16,0.5,repeated,2.949121593122471,193.4389798490304,19,True,True,True,2.220446049250313e-16,3.530165803778606e-20,False,False,False,False,False,False,True,True,0,0.0,32.0,94.37189097991907,91.70680188927207,2.665089090647001,1.8533708026141085,15700.84523364859,271.334864995044,2.220446049250313e-16,0.0,275.10715443516915,0,0,5,/home/user/projects/AIDRBench/results/nature_mainline/commitment_validation_v1/runs/confirmation/job_count/H8P16/repeated_f0.5_1011196.parquet,0a5eedcbf368ec84e9dfef371fde3c0b1802d37e8506d3f31d38f8c7ca1c1b97,/home/user/projects/AIDRBench/results/nature_mainline/commitment_validation_v1/inputs/confirmation/job_count/1011196/H8P16/hourly_seed_1011196,96948a73a011dbf7f697fdcb7a4db261cc9c4a830d17a27262293a3e17e810ec
confirmation,job_count,1011197,H8P16,0.5,repeated,2.949121593122471,193.4389798490304,6,True,True,True,0.0,0.0,False,False,False,False,False,False,True,True,0,0.0,32.0,94.37189097991907,91.34498870491979,3.026902274999287,5.03189198752807e-07,15408.959134448054,269.48602886850176,0.0,0.0,286.5655674341454,3,3,2,/home/user/projects/AIDRBench/results/nature_mainline/commitment_validation_v1/runs/confirmation/job_count/H8P16/repeated_f0.5_1011197.parquet,0d9a15bd7b535d6826ee81ffa778679eb999379aef7c84e8873e73d7dcc3c2c5,/home/user/projects/AIDRBench/results/nature_mainline/commitment_validation_v1/inputs/confirmation/job_count/1011197/H8P16/hourly_seed_1011197,6cf761b6e2ac8c00313ae29302345be27126be24634b25936fb7291d73bfcc06
confirmation,job_count,1011198,H8P16,0.5,repeated,2.949121593122471,193.4389798490304,11,True,True,True,0.0,0.0,False,False,False,False,False,False,True,True,0,0.0,32.0,94.37189097991907,91.12290268730675,3.2489882926123244,1.2235722124387394e-07,17017.85101383364,268.6711754830226,0.0,0.0,308.35036871305954,0,0,1,/home/user/projects/AIDRBench/results/nature_mainline/commitment_validation_v1/runs/confirmation/job_count/H8P16/repeated_f0.5_1011198.parquet,b695d35d280e44a0844073eb5aed0ac86790de20b6d3eb7fb4ae1dfc5c1abc14,/home/user/projects/AIDRBench/results/nature_mainline/commitment_validation_v1/inputs/confirmation/job_count/1011198/H8P16/hourly_seed_1011198,4ec05fd04792421c60d1c7f1055d7a929d480d2b6d51d73d21509baa57a9acc9
confirmation,job_count,1011199,H8P16,0.5,repeated,2.949121593122471,193.4389798490304,2,True,True,True,2.831068712794149e-15,4.500961399817723e-19,False,False,False,False,False,False,True,True,0,0.0,32.0,94.37189097991907,91.25506488598114,3.116826093937931,-2.8421709430404007e-13,14691.556076291694,269.57036171053454,2.831068712794149e-15,0.0,276.6308086632255,0,0,1,/home/user/projects/AIDRBench/results/nature_mainline/commitment_validation_v1/runs/confirmation/job_count/H8P16/repeated_f0.5_1011199.parquet,82fe8634a75c4630ab5fae8a9e746b87855a8b7b30044ae9349409e52e77ad71,/home/user/projects/AIDRBench/results/nature_mainline/commitment_validation_v1/inputs/confirmation/job_count/1011199/H8P16/hourly_seed_1011199,672a8e235fabf12f195e74c9e8a2dc42626747a28f36a8aa4cce0443e02c8f56
confirmation,job_count,1011200,H8P16,0.5,repeated,2.949121593122471,193.4389798490304,22,True,True,True,0.0,0.0,False,False,False,False,False,False,True,True,0,0.0,32.0,94.37189097991907,91.34428535256285,3.0276056273562233,1.4259614999900805e-07,13767.546759286093,270.4114410067684,0.0,0.0,260.94020998832315,1,1,6,/home/user/projects/AIDRBench/results/nature_mainline/commitment_validation_v1/runs/confirmation/job_count/H8P16/repeated_f0.5_1011200.parquet,97243bce0826c2bc9476095812d0979996fefa22434a9000364c9ce72edd3eee,/home/user/projects/AIDRBench/results/nature_mainline/commitment_validation_v1/inputs/confirmation/job_count/1011200/H8P16/hourly_seed_1011200,4cb32b6c31f4fd771d19de110d77f52cc20f9401655b79e201b890a021b3cc4b
confirmation,job_count,1011201,H8P16,0.5,repeated,2.949121593122471,193.4389798490304,13,True,True,True,1.1046719095020308e-14,1.756257487379857e-18,False,False,False,False,False,False,True,True,0,0.0,32.0,94.37189097991907,91.0521559962076,3.31973498371147,0.7586404479193334,16192.641324939428,268.5200610752138,1.1046719095020308e-14,0.0,295.42333209426454,2,2,1,/home/user/projects/AIDRBench/results/nature_mainline/commitment_validation_v1/runs/confirmation/job_count/H8P16/repeated_f0.5_1011201.parquet,7ebf32c88010fce55cd09ba60d8c898c417baacdc8a8eda1a9a26392a502b208,/home/user/projects/AIDRBench/results/nature_mainline/commitment_validation_v1/inputs/confirmation/job_count/1011201/H8P16/hourly_seed_1011201,be10a51f055c4d0d9b33f40ed9f977c22df1a832c1203a7da285bfaca5840a01
confirmation,job_count,1011202,H8P16,0.5,repeated,2.949121593122471,193.4389798490304,6,True,True,True,0.0,0.0,False,False,False,False,False,False,True,True,0,0.0,32.0,94.37189097991907,91.07480865056812,3.297082329350957,2.3362122192338575e-07,16255.46804778203,269.3577843593779,0.0,0.0,289.08156406058345,2,2,6,/home/user/projects/AIDRBench/results/nature_mainline/commitment_validation_v1/runs/confirmation/job_count/H8P16/repeated_f0.5_1011202.parquet,69616d208e7bb37f70b68f2f421f815abe9d76c741fc21e1d1731ed2897b51b6,/home/user/projects/AIDRBench/results/nature_mainline/commitment_validation_v1/inputs/confirmation/job_count/1011202/H8P16/hourly_seed_1011202,a32c85cba4ad8f55490f5f1c1bab8ab94057e50823149ee4a554fb7b62593e2a
confirmation,job_count,1011203,H8P16,0.5,repeated,2.949121593122471,193.4389798490304,21,True,True,True,0.0,0.0,False,False,False,False,False,False,True,True,0,0.0,32.0,94.37189097991907,91.75752368025178,2.6143672996672933,6.090419901738642e-08,15332.565061594678,271.3369444383447,0.0,0.0,269.943538684425,1,1,3,/home/user/projects/AIDRBench/results/nature_mainline/commitment_validation_v1/runs/confirmation/job_count/H8P16/repeated_f0.5_1011203.parquet,1aa3e84fc43a391214aaffeedb3ad48339e2f77c641c3c0f731aa2706adc06a1,/home/user/projects/AIDRBench/results/nature_mainline/commitment_validation_v1/inputs/confirmation/job_count/1011203/H8P16/hourly_seed_1011203,5321ddef369687d9375dc9f5458bd8202e87bd53cd202cb50f566a65bdf4210a
confirmation,job_count,1011204,H8P16,0.5,repeated,2.949121593122471,193.4389798490304,13,True,True,True,1.7486012637846216e-14,2.780005570475653e-18,False,False,False,False,False,False,True,True,0,0.0,32.0,94.37189097991907,91.13389552647675,3.2379954534423234,1.313968027716328e-07,15192.215471095878,268.98265986035915,1.7486012637846216e-14,0.0,269.51859623523774,1,1,5,/home/user/projects/AIDRBench/results/nature_mainline/commitment_validation_v1/runs/confirmation/job_count/H8P16/repeated_f0.5_1011204.parquet,d7be30525e51c9b65b2c4be356577741bfbc81c16f9a4782abb44c3019c77f08,/home/user/projects/AIDRBench/results/nature_mainline/commitment_validation_v1/inputs/confirmation/job_count/1011204/H8P16/hourly_seed_1011204,57da27eae36bd58408ce0a92ebbed286dc7e72d83761ad71f863304eec6a3b90
confirmation,job_count,1011205,H8P16,0.5,repeated,2.949121593122471,193.4389798490304,23,True,True,True,0.0,0.0,False,False,False,False,False,False,True,True,0,0.0,32.0,94.37189097991907,92.05412567952567,2.317765300393404,-2.2737367544323206e-13,14850.181460200214,272.9885549385209,0.0,0.0,284.62228604147924,4,4,5,/home/user/projects/AIDRBench/results/nature_mainline/commitment_validation_v1/runs/confirmation/job_count/H8P16/repeated_f0.5_1011205.parquet,4c536d5bb90e0fac8af1cbdfbe891a01e9cd6584c062a991d4cfe3e24fae9391,/home/user/projects/AIDRBench/results/nature_mainline/commitment_validation_v1/inputs/confirmation/job_count/1011205/H8P16/hourly_seed_1011205,237d7b4ee5c1339add489043750f1ebc6206404f8a269771af70427094b928ee
confirmation,job_count,1011206,H8P16,0.5,repeated,2.949121593122471,193.4389798490304,18,True,True,True,0.0,0.0,False,False,False,False,False,False,True,True,0,0.0,32.0,94.37189097991907,91.52251302404306,2.849377955876008,-6.252776074688882e-13,16376.025161271315,269.969256833304,0.0,0.0,282.2082088621979,1,1,2,/home/user/projects/AIDRBench/results/nature_mainline/commitment_validation_v1/runs/confirmation/job_count/H8P16/repeated_f0.5_1011206.parquet,fecc7e95852edf9dbbf8f7c2b8b9787ac2971877d2956699e89ba4e1035dd75e,/home/user/projects/AIDRBench/results/nature_mainline/commitment_validation_v1/inputs/confirmation/job_count/1011206/H8P16/hourly_seed_1011206,dd7e7e6af958bfe63d4252fdcdcc27e2f4f4124292651c3b5cb81a71b55d5129
confirmation,job_count,1011207,H8P16,0.5,repeated,2.949121593122471,193.4389798490304,4,True,True,True,0.0,0.0,False,False,False,False,False,False,True,True,0,0.0,32.0,94.37189097991907,91.53916789662657,2.8327230832925068,2.2737367544323206e-13,15318.924499808583,270.50067454228144,0.0,0.0,270.36104509180393,1,1,5,/home/user/projects/AIDRBench/results/nature_mainline/commitment_validation_v1/runs/confirmation/job_count/H8P16/repeated_f0.5_1011207.parquet,19f0f8a8ac89ce68a5017f8a78695d0fd2117b85ce01fd3de62cbf1a248cb00b,/home/user/projects/AIDRBench/results/nature_mainline/commitment_validation_v1/inputs/confirmation/job_count/1011207/H8P16/hourly_seed_1011207,28e47fabcbc922158b32de6ec4a85005ad43ec8727296d17032b6f192b30a4f4
confirmation,job_count,1011208,H8P16,0.5,repeated,2.949121593122471,193.4389798490304,10,True,True,True,0.0,0.0,False,False,False,False,False,False,True,True,0,0.0,32.0,94.37189097991907,91.39810280548608,2.973788174432997,1.1368683772161603e-13,19262.1965224154,270.67064550433366,0.0,0.0,317.49336107239725,0,0,3,/home/user/projects/AIDRBench/results/nature_mainline/commitment_validation_v1/runs/confirmation/job_count/H8P16/repeated_f0.5_1011208.parquet,289e1e67adfe4375f662cc685d44716575d87b415933dac7e434b9a7eaa779d8,/home/user/projects/AIDRBench/results/nature_mainline/commitment_validation_v1/inputs/confirmation/job_count/1011208/H8P16/hourly_seed_1011208,87aa36d84e800eabf25a5ff53616aabab4cad85a3af9f90713247fc6cd96ac6f
confirmation,job_count,1011209,H8P16,0.5,repeated,2.949121593122471,193.4389798490304,15,True,True,True,0.0,0.0,False,False,False,False,False,False,True,True,0,0.0,32.0,94.37189097991907,91.25218598963687,3.1197049902822016,4.632590844266815e-08,16689.345633503275,269.0367754317395,0.0,0.0,297.0371674843055,5,5,1,/home/user/projects/AIDRBench/results/nature_mainline/commitment_validation_v1/runs/confirmation/job_count/H8P16/repeated_f0.5_1011209.parquet,ad091846cca98c6247924fa640c3f19981355fbf893fc28c2d60cc3e02260791,/home/user/projects/AIDRBench/results/nature_mainline/commitment_validation_v1/inputs/confirmation/job_count/1011209/H8P16/hourly_seed_1011209,c4cb96d907cf22bafe4511eb2fdd459f60f6816c4a5e5f3af999928a15183cf7
confirmation,job_count,1011210,H8P16,0.5,repeated,2.949121593122471,193.4389798490304,11,True,True,True,1.7319479184152442e-14,2.753529326947313e-18,False,False,False,False,False,False,True,True,0,0.0,32.0,94.37189097991907,91.22364195128017,3.148249028638901,9.10247877072834e-08,16928.591486136782,270.32026585985926,1.7319479184152442e-14,0.0,308.2591609756503,1,1,0,/home/user/projects/AIDRBench/results/nature_mainline/commitment_validation_v1/runs/confirmation/job_count/H8P16/repeated_f0.5_1011210.parquet,64c588eb37df2cc864fb87dc30305cbf9886c0683a1885265eb07c70587c5b65,/home/user/projects/AIDRBench/results/nature_mainline/commitment_validation_v1/inputs/confirmation/job_count/1011210/H8P16/hourly_seed_1011210,378cc0a95896c4de645fdff2189b26e71a2ab23b185d6c4fb5da4517826b330e
confirmation,job_count,1011211,H8P16,0.5,repeated,2.949121593122471,193.4389798490304,16,True,True,True,0.0,0.0,False,False,False,False,False,False,True,True,0,0.0,32.0,94.37189097991907,91.24665838024822,3.125232599670852,2.4344615212612553e-08,18233.616015293577,269.8984477868254,0.0,0.0,312.69960133048437,3,3,5,/home/user/projects/AIDRBench/results/nature_mainline/commitment_validation_v1/runs/confirmation/job_count/H8P16/repeated_f0.5_1011211.parquet,e9214935001f78f1e4d8cd5aa5a721513d829414c0a01a00e2c4a3c16b821ad7,/home/user/projects/AIDRBench/results/nature_mainline/commitment_validation_v1/inputs/confirmation/job_count/1011211/H8P16/hourly_seed_1011211,ef03d3d9ea4d3d1d5ca5cbd5e04b9876ca9f8f633d1fd9e9a2cb3e19af8f08af
confirmation,job_count,1011212,H8P16,0.5,repeated,2.949121593122471,193.4389798490304,8,True,True,True,0.0,0.0,False,False,False,False,False,False,True,True,0,0.0,32.0,94.37189097991907,91.2983863076974,3.0735046722216737,9.600324801795068e-08,17862.865708131274,269.65364397497154,0.0,0.0,324.5555862976545,6,6,4,/home/user/projects/AIDRBench/results/nature_mainline/commitment_validation_v1/runs/confirmation/job_count/H8P16/repeated_f0.5_1011212.parquet,b26f8a3a8e891af1fb881a3c080e31b77baaa59e68785f6c2a92cb008d634e4a,/home/user/projects/AIDRBench/results/nature_mainline/commitment_validation_v1/inputs/confirmation/job_count/1011212/H8P16/hourly_seed_1011212,a48231dc69c27dad6f4eb728cdc1d2d403bb340579c43e6fdf180219fa7b6af8
confirmation,job_count,1011213,H8P16,0.5,repeated,2.949121593122471,193.4389798490304,0,True,True,True,0.0,0.0,False,False,False,False,False,False,True,True,0,0.0,32.0,94.37189097991907,91.36818258751913,3.0037083923999432,1.0229967983832466e-07,16195.841808142655,269.1521239426016,0.0,0.0,282.85580333855694,3,3,5,/home/user/projects/AIDRBench/results/nature_mainline/commitment_validation_v1/runs/confirmation/job_count/H8P16/repeated_f0.5_1011213.parquet,3e1ef9c29f0c649715374e68d7b0ea77c4a1d70b0b0f86ebdd12a8a08c88e377,/home/user/projects/AIDRBench/results/nature_mainline/commitment_validation_v1/inputs/confirmation/job_count/1011213/H8P16/hourly_seed_1011213,7140bc55f84ad807785ec9043fd827b3f1e0e4bd2f0c9d5af816d355e895bcf6
confirmation,job_count,1011214,H8P16,0.5,repeated,2.949121593122471,193.4389798490304,7,True,True,True,0.0,0.0,False,False,False,False,False,False,True,True,0,0.0,32.0,94.37189097991907,91.32404623464646,3.047844745272613,-1.2505552149377763e-12,17327.290837695116,269.34043486623506,0.0,0.0,313.59385689190714,4,4,1,/home/user/projects/AIDRBench/results/nature_mainline/commitment_validation_v1/runs/confirmation/job_count/H8P16/repeated_f0.5_1011214.parquet,1b3b9864f8c386d118f1c21fe1edc27d86c5b07d2f03435fc7d2f78216966cef,/home/user/projects/AIDRBench/results/nature_mainline/commitment_validation_v1/inputs/confirmation/job_count/1011214/H8P16/hourly_seed_1011214,04623c0fe73f0fcc8b124a16ce3f083da9accec7af8096bb127b2c6e72df554f
confirmation,job_count,1011215,H8P16,0.5,repeated,2.949121593122471,193.4389798490304,9,True,True,True,2.2870594307278225e-14,3.6360707778919656e-18,False,False,False,False,False,False,True,True,0,0.0,32.0,94.37189097991907,91.22551118508767,3.146379794831404,3.410605131648481e-13,19792.421518241194,269.3805147445041,2.2870594307278225e-14,0.0,332.7776925896777,3,3,5,/home/user/projects/AIDRBench/results/nature_mainline/commitment_validation_v1/runs/confirmation/job_count/H8P16/repeated_f0.5_1011215.parquet,c0e4a0593bc74a4166c23cdb2129e7560111f1486d465b807dcdfd232902398e,/home/user/projects/AIDRBench/results/nature_mainline/commitment_validation_v1/inputs/confirmation/job_count/1011215/H8P16/hourly_seed_1011215,1db0eb4b3e8a3b3258d1443b5846b8759c86250787ec715cc84a9caf591e8e6f
confirmation,job_count,1011216,H8P16,0.5,repeated,2.949121593122471,193.4389798490304,8,True,True,True,0.0,0.0,False,False,False,False,False,False,True,True,0,0.0,32.0,94.37189097991907,91.39011699144561,2.9817739884734635,9.003690593090141e-08,19722.112430889367,269.69550339989314,0.0,0.0,334.43813532145623,3,3,5,/home/user/projects/AIDRBench/results/nature_mainline/commitment_validation_v1/runs/confirmation/job_count/H8P16/repeated_f0.5_1011216.parquet,b8e9adf2d18b578b134482a1c0ee646b8b31d9ea133375d8defad0a4f1569e99,/home/user/projects/AIDRBench/results/nature_mainline/commitment_validation_v1/inputs/confirmation/job_count/1011216/H8P16/hourly_seed_1011216,ae72616807b44323629eb42bc8c9ac9154472148d95d50dd5f8af10813b8e3b3
confirmation,job_count,1011217,H8P16,0.5,repeated,2.949121593122471,193.4389798490304,2,True,True,True,0.0,0.0,False,False,False,False,False,False,True,True,0,0.0,32.0,94.37189097991907,91.5044459382803,2.8674450416387742,0.4762948371946436,16218.790230973544,269.7033219965456,0.0,0.0,284.5204130386826,2,2,4,/home/user/projects/AIDRBench/results/nature_mainline/commitment_validation_v1/runs/confirmation/job_count/H8P16/repeated_f0.5_1011217.parquet,c5430db49dcdd5d5f53a68d28bb613aadae5ed7bf074839aea7bc0e8686e5966,/home/user/projects/AIDRBench/results/nature_mainline/commitment_validation_v1/inputs/confirmation/job_count/1011217/H8P16/hourly_seed_1011217,ad774b41f2aa054826387c5620304fe2ada6b0883d771180497e74f0f523bfee
confirmation,job_count,1011218,H8P16,0.5,repeated,2.949121593122471,193.4389798490304,8,True,True,True,0.0,0.0,False,False,False,False,False,False,True,True,0,0.0,32.0,94.37189097991907,91.77957532869573,2.5923156512233447,2.043173573594288,21495.926070134323,270.88709867149856,0.0,0.0,344.2048954261701,2,2,3,/home/user/projects/AIDRBench/results/nature_mainline/commitment_validation_v1/runs/confirmation/job_count/H8P16/repeated_f0.5_1011218.parquet,d1bb52c098f85f603e98b03c10f9107dda3849ea1b8ccd2f41099a176acb5183,/home/user/projects/AIDRBench/results/nature_mainline/commitment_validation_v1/inputs/confirmation/job_count/1011218/H8P16/hourly_seed_1011218,316d9fb985e7a7bc906a3d5a8e9630aadf251615c773052f671dfd3414169379
confirmation,job_count,1011219,H8P16,0.5,repeated,2.949121593122471,193.4389798490304,3,True,True,True,0.0,0.0,False,False,False,False,False,False,True,True,0,0.0,32.0,94.37189097991907,91.19668519708063,3.1752057828384466,2.2737367544323206e-13,15568.946160711119,269.6504862902588,0.0,0.0,274.87611011966527,1,1,2,/home/user/projects/AIDRBench/results/nature_mainline/commitment_validation_v1/runs/confirmation/job_count/H8P16/repeated_f0.5_1011219.parquet,9354daab3cb494899e7c9247bce857c02e4e6a2817152b739f903aac0c94a8c9,/home/user/projects/AIDRBench/results/nature_mainline/commitment_validation_v1/inputs/confirmation/job_count/1011219/H8P16/hourly_seed_1011219,e5e9a6e8724ed562929447b45c34f54d88951393bc1383636726cd52584eec74
confirmation,job_count,1011220,H8P16,0.5,repeated,2.949121593122471,193.4389798490304,17,True,True,True,0.0,0.0,False,False,False,False,False,False,True,True,0,0.0,32.0,94.37189097991907,91.45295628783612,2.9189346920829564,1.6551143744436558e-07,16486.603828780455,269.7068516669442,0.0,0.0,290.4713727718606,2,2,6,/home/user/projects/AIDRBench/results/nature_mainline/commitment_validation_v1/runs/confirmation/job_count/H8P16/repeated_f0.5_1011220.parquet,f7b56b92937f33e72e4bbe813b9fbe2e770a3389972e3df299594554c86a1b98,/home/user/projects/AIDRBench/results/nature_mainline/commitment_validation_v1/inputs/confirmation/job_count/1011220/H8P16/hourly_seed_1011220,fbdd28fabddaec2834522e08148e865267aa8f88de0aa3f7a91fbd9db46731ec
confirmation,job_count,1011221,H8P16,0.5,repeated,2.949121593122471,193.4389798490304,19,True,True,True,7.771561172376096e-15,1.2355580313225125e-18,False,False,False,False,False,False,True,True,0,0.0,32.0,94.37189097991907,91.80792342942846,2.5639675504906165,1.8355081088325278,15571.20387115319,271.00507440285025,7.771561172376096e-15,0.0,274.7773638429755,0,0,5,/home/user/projects/AIDRBench/results/nature_mainline/commitment_validation_v1/runs/confirmation/job_count/H8P16/repeated_f0.5_1011221.parquet,82a04f4a306f941392f4ddc21319c8ce38f20fb492c0178456b35cf08bb4e95c,/home/user/projects/AIDRBench/results/nature_mainline/commitment_validation_v1/inputs/confirmation/job_count/1011221/H8P16/hourly_seed_1011221,fd16210fdd523dafca98f9e43134472369212b546accf3e60692d13316bfac6e
confirmation,job_count,1011222,H8P16,0.5,repeated,2.949121593122471,193.4389798490304,2,True,True,True,0.0,0.0,False,False,False,False,False,False,True,True,0,0.0,32.0,94.37189097991907,91.28487083629415,3.087020143624926,2.0367270651865965,17694.852868609967,269.92476416318914,0.0,0.0,303.1206128669409,0,0,5,/home/user/projects/AIDRBench/results/nature_mainline/commitment_validation_v1/runs/confirmation/job_count/H8P16/repeated_f0.5_1011222.parquet,64eb94be4251b8b841479205ecadcb648d17d381b3a344097e3704db6b3df8ce,/home/user/projects/AIDRBench/results/nature_mainline/commitment_validation_v1/inputs/confirmation/job_count/1011222/H8P16/hourly_seed_1011222,f5e4fe703ec0d3ea7c3f1ae7e8244d9887f3961f9ce9f510cc861ab890d17fba
confirmation,job_count,1011223,H8P16,0.5,repeated,2.949121593122471,193.4389798490304,13,True,True,True,9.547918011776346e-15,1.5179712956248011e-18,False,False,False,False,False,False,True,True,0,0.0,32.0,94.37189097991907,91.01604614409376,3.355844835825309,0.6894768711867414,16040.429950775799,268.5200610752139,9.547918011776346e-15,0.0,293.351710652032,2,2,1,/home/user/projects/AIDRBench/results/nature_mainline/commitment_validation_v1/runs/confirmation/job_count/H8P16/repeated_f0.5_1011223.parquet,a0732d00582bcd081a73f642fe580990d4d93ff8281599ef88a6332c6b29bcc8,/home/user/projects/AIDRBench/results/nature_mainline/commitment_validation_v1/inputs/confirmation/job_count/1011223/H8P16/hourly_seed_1011223,b461506615a02a30c590e2089df63d8deb2f4fb35ca04d1c9140e311ebcfd833
confirmation,job_count,1011224,H8P16,0.5,repeated,2.949121593122471,193.4389798490304,15,True,True,True,3.885780586188048e-15,6.177790156612563e-19,False,False,False,False,False,False,True,True,0,0.0,32.0,94.37189097991907,91.26725871596204,3.104632263957029,-5.684341886080802e-14,16732.48064653899,268.93278681611986,3.885780586188048e-15,0.0,303.0658081257816,1,1,4,/home/user/projects/AIDRBench/results/nature_mainline/commitment_validation_v1/runs/confirmation/job_count/H8P16/repeated_f0.5_1011224.parquet,8cfcfee3bc78e896cbc604b34c55e82149835df3e96b76ec9da52787d74a77aa,/home/user/projects/AIDRBench/results/nature_mainline/commitment_validation_v1/inputs/confirmation/job_count/1011224/H8P16/hourly_seed_1011224,3b93ae103ee42841566d003277a7994600c10bf1b2084f2269abb046fc8cf6c5
confirmation,job_count,1011225,H8P16,0.5,repeated,2.949121593122471,193.4389798490304,7,True,True,True,0.0,0.0,False,False,False,False,False,False,True,True,0,0.0,32.0,94.37189097991907,91.721173398053,2.6507175818660755,6.963125542824855e-08,17151.53820843831,270.1695438966021,0.0,0.0,323.08909465808523,1,1,0,/home/user/projects/AIDRBench/results/nature_mainline/commitment_validation_v1/runs/confirmation/job_count/H8P16/repeated_f0.5_1011225.parquet,c2f7f0dddb954ea088f8d4e7ca8287c4a33d1b26906e393f54b39e34d2008283,/home/user/projects/AIDRBench/results/nature_mainline/commitment_validation_v1/inputs/confirmation/job_count/1011225/H8P16/hourly_seed_1011225,2c76429d7f0247aa609c3322538cdc3525aae73a7185e6e277b6697527ac17dc
confirmation,job_count,1011226,H8P16,0.5,repeated,2.949121593122471,193.4389798490304,17,True,True,True,0.0,0.0,False,False,False,False,False,False,True,True,0,0.0,32.0,94.37189097991907,91.38845671832865,2.9834342615904177,-6.821210263296962e-13,17619.372676197898,269.2691815677787,0.0,0.0,298.0665524368459,6,6,3,/home/user/projects/AIDRBench/results/nature_mainline/commitment_validation_v1/runs/confirmation/job_count/H8P16/repeated_f0.5_1011226.parquet,30c49722a08861b325f19f46cc5f290df9ad068de7ee1c723780799a85f9bdf0,/home/user/projects/AIDRBench/results/nature_mainline/commitment_validation_v1/inputs/confirmation/job_count/1011226/H8P16/hourly_seed_1011226,ae44c743d7f3eeeec77f7d3d4b075e561a3f8cad723234a6418656fc6d677efa
confirmation,job_count,1011227,H8P16,0.5,repeated,2.949121593122471,193.4389798490304,23,True,True,True,0.0,0.0,False,False,False,False,False,False,True,True,0,0.0,32.0,94.37189097991907,92.11252363342163,2.2593673464974415,1.5285121435226756e-07,15501.223480338078,272.2359055608941,0.0,0.0,292.61543751968145,5,5,3,/home/user/projects/AIDRBench/results/nature_mainline/commitment_validation_v1/runs/confirmation/job_count/H8P16/repeated_f0.5_1011227.parquet,ee340cc4c6c9c84f156d70977842853abcece1603ad158f8366e2d8344342432,/home/user/projects/AIDRBench/results/nature_mainline/commitment_validation_v1/inputs/confirmation/job_count/1011227/H8P16/hourly_seed_1011227,769037d9ed7d59693f11f15d494dff1d07b221dc5bb5c6cefccfd573c7a6e077
confirmation,job_count,1011228,H8P16,0.5,repeated,2.949121593122471,193.4389798490304,21,True,True,True,0.0,0.0,False,False,False,False,False,False,True,True,0,0.0,32.0,94.37189097991907,92.11059700468803,2.261293975231041,2.7252281142864376e-07,13995.74945954455,271.6168959830496,0.0,0.0,252.49961063908995,0,0,5,/home/user/projects/AIDRBench/results/nature_mainline/commitment_validation_v1/runs/confirmation/job_count/H8P16/repeated_f0.5_1011228.parquet,c8a91b3ac0280adf143ba358935c9be6d824ee39d598e7931fee3ffb3c45ffda,/home/user/projects/AIDRBench/results/nature_mainline/commitment_validation_v1/inputs/confirmation/job_count/1011228/H8P16/hourly_seed_1011228,f6799f835188e5cbdb7aa9c3d2fc127ce5312685f862fbd3666e3e41e87ef45a
confirmation,job_count,1011229,H8P16,0.5,repeated,2.949121593122471,193.4389798490304,11,True,True,True,4.440892098500626e-16,7.060331607557215e-20,False,False,False,False,False,False,True,True,0,0.0,32.0,94.37189097991907,91.29892167335095,3.072969306568126,-5.684341886080801e-13,17507.799430702915,268.69147729800477,4.440892098500626e-16,0.0,303.1598758304364,1,1,5,/home/user/projects/AIDRBench/results/nature_mainline/commitment_validation_v1/runs/confirmation/job_count/H8P16/repeated_f0.5_1011229.parquet,fac2abbf81bf1e0299dcc2fb90866ad08bcd58663af8c44c0333e78c506e9dee,/home/user/projects/AIDRBench/results/nature_mainline/commitment_validation_v1/inputs/confirmation/job_count/1011229/H8P16/hourly_seed_1011229,3ba98e3f6a8919926aab7c6960fc9a25d511acd396720b523e80fae46a882ccd
confirmation,job_count,1011230,H8P16,0.5,repeated,2.949121593122471,193.4389798490304,5,True,True,True,0.0,0.0,False,False,False,False,False,False,True,True,0,0.0,32.0,94.37189097991907,91.64569165343988,2.7261993264791897,-1.1368683772161603e-13,14711.172556792959,271.62854821708027,0.0,0.0,281.14039678646554,1,1,7,/home/user/projects/AIDRBench/results/nature_mainline/commitment_validation_v1/runs/confirmation/job_count/H8P16/repeated_f0.5_1011230.parquet,ad770e5d8485954daf3a38e2b0760ca71de93e537b42446581f19cc17f704fa6,/home/user/projects/AIDRBench/results/nature_mainline/commitment_validation_v1/inputs/confirmation/job_count/1011230/H8P16/hourly_seed_1011230,57136232a97ea2bde14868a08f828a8e79ab387473fce12832d3a4f4edfd898f
confirmation,job_count,1011231,H8P16,0.5,repeated,2.949121593122471,193.4389798490304,13,True,True,True,0.0,0.0,False,False,False,False,False,False,True,True,0,0.0,32.0,94.37189097991907,91.68427009500442,2.687620884914651,-6.252776074688882e-13,16559.84411028933,269.61482107836054,0.0,0.0,292.2652072439684,1,1,7,/home/user/projects/AIDRBench/results/nature_mainline/commitment_validation_v1/runs/confirmation/job_count/H8P16/repeated_f0.5_1011231.parquet,fb901850ab5786d5a7a2785d855cd76d63eac73b1405be7ab18322a10b312ee2,/home/user/projects/AIDRBench/results/nature_mainline/commitment_validation_v1/inputs/confirmation/job_count/1011231/H8P16/hourly_seed_1011231,76a00fe8298a0c357a25d95631f05be15435125ed54cf72405793e996a43b788
confirmation,job_count,1011232,H8P16,0.5,repeated,2.949121593122471,193.4389798490304,18,True,True,True,0.0,0.0,False,False,False,False,False,False,True,True,0,0.0,32.0,94.37189097991907,91.54422624257825,2.8276647373408252,9.663381206337363e-13,16062.179312990898,269.96925683330403,0.0,0.0,282.2089175614243,0,0,2,/home/user/projects/AIDRBench/results/nature_mainline/commitment_validation_v1/runs/confirmation/job_count/H8P16/repeated_f0.5_1011232.parquet,820f41c1e1654960226c1dfe5190f8a705b0756c1530f02e3c8adae9fbfc8e7e,/home/user/projects/AIDRBench/results/nature_mainline/commitment_validation_v1/inputs/confirmation/job_count/1011232/H8P16/hourly_seed_1011232,787f0e3a6ed7bcf9623891543c6d8a83897209c0b987a902290a7d3e0dddc003
confirmation,job_count,1011233,H8P16,0.5,repeated,2.949121593122471,193.4389798490304,11,True,True,True,1.887379141862766e-15,3.0006409332118163e-19,False,False,False,False,False,False,True,True,0,0.0,32.0,94.37189097991907,91.21533843097791,3.156552548941164,3.979039320256561e-13,17354.021665309665,268.69147729800477,1.887379141862766e-15,0.0,298.4386564100035,1,1,5,/home/user/projects/AIDRBench/results/nature_mainline/commitment_validation_v1/runs/confirmation/job_count/H8P16/repeated_f0.5_1011233.parquet,78bdfb57834c691a43432b140359c1408f9b05090ed79b0b9a7f5adee4e4db35,/home/user/projects/AIDRBench/results/nature_mainline/commitment_validation_v1/inputs/confirmation/job_count/1011233/H8P16/hourly_seed_1011233,97ac61d13171a84eb456eac87689cdf1ead196bc66db0242e1eac0cbca448d85
confirmation,job_count,1011234,H8P16,0.5,repeated,2.949121593122471,193.4389798490304,18,True,True,True,0.0,0.0,False,False,False,False,False,False,True,True,0,0.0,32.0,94.37189097991907,91.47871661754493,2.8931743623741397,3.979039320256561e-13,17335.172665039794,270.37973298099917,0.0,0.0,297.271511289207,1,1,3,/home/user/projects/AIDRBench/results/nature_mainline/commitment_validation_v1/runs/confirmation/job_count/H8P16/repeated_f0.5_1011234.parquet,b765cc7840916fc7e652ba1c253a575809adfa0a255bf012375fad7b55b61e4a,/home/user/projects/AIDRBench/results/nature_mainline/commitment_validation_v1/inputs/confirmation/job_count/1011234/H8P16/hourly_seed_1011234,a9480f96096e578036f7d5e3e7cc9a8a35774875474acb37bd94b4b2760eaebc
confirmation,job_count,1011235,H8P16,0.5,repeated,2.949121593122471,193.4389798490304,22,True,True,True,0.0,0.0,False,False,False,False,False,False,True,True,0,0.0,32.0,94.37189097991907,91.5632440451854,2.808646934733673,1.425962068424269e-07,13678.76849696353,270.2945211912281,0.0,0.0,260.70226854440307,1,1,6,/home/user/projects/AIDRBench/results/nature_mainline/commitment_validation_v1/runs/confirmation/job_count/H8P16/repeated_f0.5_1011235.parquet,3ca20ce266379e5c108eef528ffd0c4446c452a9dcea991345dfd7f377e56245,/home/user/projects/AIDRBench/results/nature_mainline/commitment_validation_v1/inputs/confirmation/job_count/1011235/H8P16/hourly_seed_1011235,463d19c0d1b024e58246b93044a33fbc77839fdc09fcff4dd9e3dd1a0b7a7e05
confirmation,job_count,1011236,H8P16,0.5,repeated,2.949121593122471,193.4389798490304,20,True,True,True,2.19824158875781e-14,3.494864145740821e-18,False,False,False,False,False,False,True,True,0,0.0,32.0,94.37189097991907,91.50877232720052,2.863118652718555,1.8704436434166496,15105.030127900362,270.12873664712663,2.19824158875781e-14,0.0,270.5641306348554,1,1,1,/home/user/projects/AIDRBench/results/nature_mainline/commitment_validation_v1/runs/confirmation/job_count/H8P16/repeated_f0.5_1011236.parquet,26cee3ba41a18c5d95e45a151afa8e66eb0dfed11ed5e3633bdb82e264f53495,/home/user/projects/AIDRBench/results/nature_mainline/commitment_validation_v1/inputs/confirmation/job_count/1011236/H8P16/hourly_seed_1011236,0cc780d4ed5fae7761b1ec88bd03fb97ef12bd298c0e230d3a57bd430d2b00eb
confirmation,job_count,1011237,H8P16,0.5,repeated,2.949121593122471,193.4389798490304,8,True,True,True,0.0,0.0,False,False,False,False,False,False,True,True,0,0.0,32.0,94.37189097991907,91.06616147857216,3.3057295013469172,1.1408786804167903e-07,18148.75899821711,268.86056018945646,0.0,0.0,317.74538585927735,1,1,6,/home/user/projects/AIDRBench/results/nature_mainline/commitment_validation_v1/runs/confirmation/job_count/H8P16/repeated_f0.5_1011237.parquet,6e4b1bdcb4a635b7452b2c151a79a2cd18db874b5bb3ca35ece1ce9ff59e3ea4,/home/user/projects/AIDRBench/results/nature_mainline/commitment_validation_v1/inputs/confirmation/job_count/1011237/H8P16/hourly_seed_1011237,7e40f8635b66078c7f4bb313f4e66eb3684b47d83cab1608fb6468f5fa1f017e
confirmation,job_count,1011238,H8P16,0.5,repeated,2.949121593122471,193.4389798490304,18,True,True,True,0.0,0.0,False,False,False,False,False,False,True,True,0,0.0,32.0,94.37189097991907,91.44506079042543,2.926830189493643,2.2625846440860187e-07,15679.538214695105,269.8801528898982,0.0,0.0,286.7816495688281,0,0,0,/home/user/projects/AIDRBench/results/nature_mainline/commitment_validation_v1/runs/confirmation/job_count/H8P16/repeated_f0.5_1011238.parquet,100c6ba73dfda7216618955df7f7473ef8bd648439a5a1feb18c5cfb5a7ffa01,/home/user/projects/AIDRBench/results/nature_mainline/commitment_validation_v1/inputs/confirmation/job_count/1011238/H8P16/hourly_seed_1011238,40595b66e74e693c78eea9bea5e024774845970a0bddb5eff7f7819f145829b1
confirmation,job_count,1011239,H8P16,0.5,repeated,2.949121593122471,193.4389798490304,18,True,True,True,3.3306690738754696e-16,5.295248705667909e-20,False,False,False,False,False,False,True,True,0,0.0,32.0,94.37189097991907,92.22992841038769,2.141962569531387,4.366858661342121e-07,15984.423543060066,272.5349001786119,3.3306690738754696e-16,0.0,282.9084481189662,0,0,7,/home/user/projects/AIDRBench/results/nature_mainline/commitment_validation_v1/runs/confirmation/job_count/H8P16/repeated_f0.5_1011239.parquet,b4e7fa4313c4e75984425562c15bd268182801bc8988332ac61465710d3a3906,/home/user/projects/AIDRBench/results/nature_mainline/commitment_validation_v1/inputs/confirmation/job_count/1011239/H8P16/hourly_seed_1011239,8a772225d701a522552d346d4dd77ee1061585c8cdf5ea45259a241b79e58f9a
confirmation,job_count,1011240,H8P16,0.5,repeated,2.949121593122471,193.4389798490304,21,True,True,True,0.0,0.0,False,False,False,False,False,False,True,True,0,0.0,32.0,94.37189097991907,91.87576855376699,2.496122426152084,2.725227545852249e-07,14862.161135370166,271.57989496929383,0.0,0.0,266.6661883954949,2,2,5,/home/user/projects/AIDRBench/results/nature_mainline/commitment_validation_v1/runs/confirmation/job_count/H8P16/repeated_f0.5_1011240.parquet,e166991d03a067556612b2a4e9ae1b40c116d011737b76db3f6fbc286c76f511,/home/user/projects/AIDRBench/results/nature_mainline/commitment_validation_v1/inputs/confirmation/job_count/1011240/H8P16/hourly_seed_1011240,eb33e7d8c612d687cec6b459833b475a06c50d2b0f0f0c7492611e0430e1cb38
confirmation,job_count,1011241,H8P16,0.5,repeated,2.949121593122471,193.4389798490304,2,True,True,True,0.0,0.0,False,False,False,False,False,False,True,True,0,0.0,32.0,94.37189097991907,91.37348535402128,2.9984056258977887,2.0450137846083294,16249.11910337068,269.71960437982574,0.0,0.0,280.5889466068665,0,0,5,/home/user/projects/AIDRBench/results/nature_mainline/commitment_validation_v1/runs/confirmation/job_count/H8P16/repeated_f0.5_1011241.parquet,11668a6fd177e7c06fc8c9f18c119841987844ede8830feae70c3ccd27befda1,/home/user/projects/AIDRBench/results/nature_mainline/commitment_validation_v1/inputs/confirmation/job_count/1011241/H8P16/hourly_seed_1011241,2a6e6af9760df010b4967d2bbbb46c9cac5bf5ab80519332fda4d2d729696bc8
confirmation,job_count,1011242,H8P16,0.5,repeated,2.949121593122471,193.4389798490304,0,True,True,True,0.0,0.0,False,False,False,False,False,False,True,True,0,0.0,32.0,94.37189097991907,91.21867845818383,3.1532125217352416,-1.1368683772161603e-13,16040.902126145029,269.2107846983409,0.0,0.0,284.59963254068134,2,2,2,/home/user/projects/AIDRBench/results/nature_mainline/commitment_validation_v1/runs/confirmation/job_count/H8P16/repeated_f0.5_1011242.parquet,4f96ca780aa917077e5b46a8dee14290fc061ec1a055a9d0398306d973929b70,/home/user/projects/AIDRBench/results/nature_mainline/commitment_validation_v1/inputs/confirmation/job_count/1011242/H8P16/hourly_seed_1011242,69c0c7f5a8ebd3d20115fcc086863402707c492475eda334f3d958e2da19e09a
confirmation,job_count,1011243,H8P16,0.5,repeated,2.949121593122471,193.4389798490304,4,True,True,True,0.0,0.0,False,False,False,False,False,False,True,True,0,0.0,32.0,94.37189097991907,91.35583182387956,3.0160591560395176,-7.958078640513122e-13,15861.037825729072,270.247067388389,0.0,0.0,280.81999888962116,1,1,5,/home/user/projects/AIDRBench/results/nature_mainline/commitment_validation_v1/runs/confirmation/job_count/H8P16/repeated_f0.5_1011243.parquet,f37f8698d82dcecdd2be1033cd0587486bb5442c70b5e03f16619be3f69ee58f,/home/user/projects/AIDRBench/results/nature_mainline/commitment_validation_v1/inputs/confirmation/job_count/1011243/H8P16/hourly_seed_1011243,39292ec9252297ba5a538692bdc0b695ecb0dd35f77e953945db21e3fae1e13a
confirmation,job_count,1011244,H8P16,0.5,repeated,2.949121593122471,193.4389798490304,14,True,True,True,4.440892098500626e-15,7.060331607557215e-19,False,False,False,False,False,False,True,True,0,0.0,32.0,94.37189097991907,91.04240191923162,3.3294890606874503,-2.2737367544323206e-13,16352.03264081975,268.7543982213109,4.440892098500626e-15,0.0,295.0806794635874,2,2,1,/home/user/projects/AIDRBench/results/nature_mainline/commitment_validation_v1/runs/confirmation/job_count/H8P16/repeated_f0.5_1011244.parquet,7046ee3713e74ced75668221470477f1946560d3ba5b1042eb48c9b62c703587,/home/user/projects/AIDRBench/results/nature_mainline/commitment_validation_v1/inputs/confirmation/job_count/1011244/H8P16/hourly_seed_1011244,0ae181a466f1c9517859309ca8afc2b3f7b6d0502afdd7e14db573de3fa1361a
confirmation,job_count,1011245,H8P16,0.5,repeated,2.949121593122471,193.4389798490304,2,True,True,True,0.0,0.0,False,False,False,False,False,False,True,True,0,0.0,32.0,94.37189097991907,91.31875086910799,3.0531401108110856,2.111760025032993,17518.965239691148,269.7981697389414,0.0,0.0,298.43282330757665,0,0,5,/home/user/projects/AIDRBench/results/nature_mainline/commitment_validation_v1/runs/confirmation/job_count/H8P16/repeated_f0.5_1011245.parquet,b6a4e17de1a541d254fe5e689da5e85486eefef53e1a881f151905b2285b45da,/home/user/projects/AIDRBench/results/nature_mainline/commitment_validation_v1/inputs/confirmation/job_count/1011245/H8P16/hourly_seed_1011245,6d731303fbfd20829d47dc49fbb01ad0e851bf84caaf5537dd311e34b5d0b4cf
confirmation,job_count,1011246,H8P16,0.5,repeated,2.949121593122471,193.4389798490304,10,True,True,True,1.7763568394002505e-15,2.824132643022886e-19,False,False,False,False,False,False,True,True,0,0.0,32.0,94.37189097991907,91.21328592949993,3.1586050504191405,5.1171184622944565e-08,17516.134655053436,268.78935632204985,1.7763568394002505e-15,0.0,310.94536422624543,1,1,4,/home/user/projects/AIDRBench/results/nature_mainline/commitment_validation_v1/runs/confirmation/job_count/H8P16/repeated_f0.5_1011246.parquet,c263677a7b9123f85f0776ecf9ec3a9ac11e3b94c0f81aa06b38836139744950,/home/user/projects/AIDRBench/results/nature_mainline/commitment_validation_v1/inputs/confirmation/job_count/1011246/H8P16/hourly_seed_1011246,cd9645f70e39a5e6836fbd0502271cb6d0197f8283b95ae841ae2886d8cfff04
confirmation,job_count,1011247,H8P16,0.5,repeated,2.949121593122471,193.4389798490304,1,True,True,True,0.0,0.0,False,False,False,False,False,False,True,True,0,0.0,32.0,94.37189097991907,91.32531573949404,3.046575240425028,2.2068012834442357,16577.285496394332,269.3345053127225,0.0,0.0,283.3303925278595,0,0,5,/home/user/projects/AIDRBench/results/nature_mainline/commitment_validation_v1/runs/confirmation/job_count/H8P16/repeated_f0.5_1011247.parquet,15d3a02941e9ec4545920e5d13fe93c192888a3f7b4ea3c72a0bcedea80450bd,/home/user/projects/AIDRBench/results/nature_mainline/commitment_validation_v1/inputs/confirmation/job_count/1011247/H8P16/hourly_seed_1011247,6d82e41d126fa9e3d5eeaba6e8a7b1fa74bb199f4cfcb2142787b779f6e66dea
confirmation,job_count,1011248,H8P16,0.5,repeated,2.949121593122471,193.4389798490304,5,True,True,True,0.0,0.0,False,False,False,False,False,False,True,True,0,0.0,32.0,94.37189097991907,91.19994805985442,3.1719429200646516,2.422790998934943e-07,15653.183029324142,269.3288681189358,0.0,0.0,284.33662237258096,1,1,2,/home/user/projects/AIDRBench/results/nature_mainline/commitment_validation_v1/runs/confirmation/job_count/H8P16/repeated_f0.5_1011248.parquet,b2ee05a728995226fea26d2a0d2f3d4b04ee2cd5b06b733716abe28cbf7282dd,/home/user/projects/AIDRBench/results/nature_mainline/commitment_validation_v1/inputs/confirmation/job_count/1011248/H8P16/hourly_seed_1011248,8aed4f8bc9a6b3354a84ee462b6a334ba18c2e815048e92c7d560efb31e01c7a
confirmation,job_count,1011249,H8P16,0.5,repeated,2.949121593122471,193.4389798490304,23,True,True,True,0.0,0.0,False,False,False,False,False,False,True,True,0,0.0,32.0,94.37189097991907,92.08008955820867,2.291801421710403,1.5285138488252414e-07,15394.296856278397,272.3558347553445,0.0,0.0,290.3119118640126,4,4,3,/home/user/projects/AIDRBench/results/nature_mainline/commitment_validation_v1/runs/confirmation/job_count/H8P16/repeated_f0.5_1011249.parquet,c74faa66078d377db8073290229ed70ec37532dc68e6ba9b593f57feedfffc4c,/home/user/projects/AIDRBench/results/nature_mainline/commitment_validation_v1/inputs/confirmation/job_count/1011249/H8P16/hourly_seed_1011249,1ffd84ce04d5abd7b9426625ec4a32c5685645bdb62ca3995adfcbd18ba4c2a6
confirmation,job_count,1011250,H8P16,0.5,repeated,2.949121593122471,193.4389798490304,4,True,True,True,3.83026943495679e-15,6.089536011518095e-19,False,False,False,False,False,False,True,True,0,0.0,32.0,94.37189097991907,91.7103755958172,2.6615153841018753,8.195570444513578e-08,14647.694843463309,269.9878749742594,3.83026943495679e-15,0.0,267.00828708184974,1,1,1,/home/user/projects/AIDRBench/results/nature_mainline/commitment_validation_v1/runs/confirmation/job_count/H8P16/repeated_f0.5_1011250.parquet,95dbbc5a9b813b7dd5cbc9b95dce0ba9af0e8bade28ad4d46f4082cbc18c9cfd,/home/user/projects/AIDRBench/results/nature_mainline/commitment_validation_v1/inputs/confirmation/job_count/1011250/H8P16/hourly_seed_1011250,e751da5155334d2bd2ac4d8821b40597ca97dc14beefe8cc92678658044f767d
confirmation,job_count,1011251,H8P16,0.5,repeated,2.949121593122471,193.4389798490304,17,True,True,True,3.885780586188048e-16,6.177790156612562e-20,False,False,False,False,False,False,True,True,0,0.0,32.0,94.37189097991907,91.35044133291115,3.021449647007927,-2.8421709430404007e-13,16267.429965370084,269.40158760686325,3.885780586188048e-16,0.0,288.20917402699104,6,6,1,/home/user/projects/AIDRBench/results/nature_mainline/commitment_validation_v1/runs/confirmation/job_count/H8P16/repeated_f0.5_1011251.parquet,86377310d30336f2c9469f2b09b4be38053c273ab3f9d1c9690fa8218e9b0a34,/home/user/projects/AIDRBench/results/nature_mainline/commitment_validation_v1/inputs/confirmation/job_count/1011251/H8P16/hourly_seed_1011251,af56d1604de63c96f4ca610a4b75e0a5e4714b90fd7adf5e483d0620337bc713
confirmation,job_count,1011252,H8P16,0.5,repeated,2.949121593122471,193.4389798490304,12,True,True,True,0.0,0.0,False,False,False,False,False,False,True,True,0,0.0,32.0,94.37189097991907,91.2547701681163,3.117120811802778,9.409518497704994e-09,16741.57309032402,269.2758199089764,0.0,0.0,291.30876495964924,0,0,7,/home/user/projects/AIDRBench/results/nature_mainline/commitment_validation_v1/runs/confirmation/job_count/H8P16/repeated_f0.5_1011252.parquet,50fe0731e632bf723a615760085330c4a35f189d867e757cf0607bbc27ab9068,/home/user/projects/AIDRBench/results/nature_mainline/commitment_validation_v1/inputs/confirmation/job_count/1011252/H8P16/hourly_seed_1011252,d3a0cbc48e3200cf8fb27ab3eb4766ab6a5c700ecdb7c782bac6b2aa7b0576d7
confirmation,job_count,1011253,H8P16,0.5,repeated,2.949121593122471,193.4389798490304,17,True,True,True,0.0,0.0,False,False,False,False,False,False,True,True,0,0.0,32.0,94.37189097991907,91.49532152022147,2.876569459697606,1.6551081216675811e-07,15940.634880497566,269.76553023435383,0.0,0.0,284.2827708724757,6,6,6,/home/user/projects/AIDRBench/results/nature_mainline/commitment_validation_v1/runs/confirmation/job_count/H8P16/repeated_f0.5_1011253.parquet,e8457eebf458576fac6e36745d00d0b55a035c2e86131f7808ce4e57d8e217a8,/home/user/projects/AIDRBench/results/nature_mainline/commitment_validation_v1/inputs/confirmation/job_count/1011253/H8P16/hourly_seed_1011253,56dcf9c72ab599fa529f29f3281f9f0797b2be428220bd83c4c58b1dbb1f9e8d
confirmation,job_count,1011254,H8P16,0.5,repeated,2.949121593122471,193.4389798490304,13,True,True,True,0.0,0.0,False,False,False,False,False,False,True,True,0,0.0,32.0,94.37189097991907,91.2935212248421,3.0783697550769773,1.3139685961505165e-07,17298.55537638905,269.0721443731651,0.0,0.0,302.49859108821414,3,3,5,/home/user/projects/AIDRBench/results/nature_mainline/commitment_validation_v1/runs/confirmation/job_count/H8P16/repeated_f0.5_1011254.parquet,2f66c67238074d887f0320fa4471f16924129f94565419cba7c71f6a205cf9c3,/home/user/projects/AIDRBench/results/nature_mainline/commitment_validation_v1/inputs/confirmation/job_count/1011254/H8P16/hourly_seed_1011254,b7e5ef46921667ea6bf3926aea854ee88dc4360d14f1ad50286e01a4bc043c9e
confirmation,job_count,1011255,H8P16,0.5,repeated,2.949121593122471,193.4389798490304,3,True,True,True,4.54081217071689e-14,7.219189068727252e-18,False,False,False,False,False,False,True,True,0,0.0,32.0,94.37189097991907,91.44314310936636,2.928747870552712,-7.389644451905042e-13,15433.84029458556,269.93639181237836,4.54081217071689e-14,0.0,276.5846102570928,0,0,0,/home/user/projects/AIDRBench/results/nature_mainline/commitment_validation_v1/runs/confirmation/job_count/H8P16/repeated_f0.5_1011255.parquet,b8cbe531fe33ca46669a97178d5c2a4584a3d1c02e47bac35c3443cbab51365d,/home/user/projects/AIDRBench/results/nature_mainline/commitment_validation_v1/inputs/confirmation/job_count/1011255/H8P16/hourly_seed_1011255,0aa09e2c3c3be9cf614ec0e4ea3657beea0b71a676bb81fda4eb191b6bc13d39
confirmation,job_count,1011256,H8P16,0.5,repeated,2.949121593122471,193.4389798490304,21,True,True,True,0.0,0.0,False,False,False,False,False,False,True,True,0,0.0,32.0,94.37189097991907,91.53989929022413,2.831991689694945,5.684341886080802e-14,15421.411556050585,270.085220228408,0.0,0.0,281.7079362390085,1,1,0,/home/user/projects/AIDRBench/results/nature_mainline/commitment_validation_v1/runs/confirmation/job_count/H8P16/repeated_f0.5_1011256.parquet,f9ac9e06c06cbf6121582aa604fa65730a75eb1b39627cc31901e17e118c49ab,/home/user/projects/AIDRBench/results/nature_mainline/commitment_validation_v1/inputs/confirmation/job_count/1011256/H8P16/hourly_seed_1011256,210948704b84d2238902c26774859fb3a3344422b1b160695dccad0fb1c14c7a
confirmation,job_count,1011257,H8P16,0.5,repeated,2.949121593122471,193.4389798490304,0,True,True,True,8.215650382226158e-15,1.3061613473980847e-18,False,False,False,False,False,False,True,True,0,0.0,32.0,94.37189097991907,91.41255932978152,2.959331650137557,4.986446811017231e-08,15462.266908972791,269.4931168267571,8.215650382226158e-15,0.0,278.32538049793766,4,4,1,/home/user/projects/AIDRBench/results/nature_mainline/commitment_validation_v1/runs/confirmation/job_count/H8P16/repeated_f0.5_1011257.parquet,0079432a6310941f5de5603594daf3012d732cdf33e9288d47c70b3ce28d1e45,/home/user/projects/AIDRBench/results/nature_mainline/commitment_validation_v1/inputs/confirmation/job_count/1011257/H8P16/hourly_seed_1011257,3cb9c8745f2e6f45248eacaa2f3f641ce1f67bae06a25e1d4a23eb1d67a9f69d
confirmation,job_count,1011258,H8P16,0.5,repeated,2.949121593122471,193.4389798490304,8,True,True,True,3.164135620181696e-15,5.030486270384514e-19,False,False,False,False,False,False,True,True,0,0.0,32.0,94.37189097991907,91.19972714559509,3.1721638343239817,1.1408894806663739e-07,18639.1500663105,268.76694966432535,3.164135620181696e-15,0.0,330.3900959828163,1,1,6,/home/user/projects/AIDRBench/results/nature_mainline/commitment_validation_v1/runs/confirmation/job_count/H8P16/repeated_f0.5_1011258.parquet,939f03b91888f324d66a543d19afb211d8ee6f9fe2469669481d92554b5d339f,/home/user/projects/AIDRBench/results/nature_mainline/commitment_validation_v1/inputs/confirmation/job_count/1011258/H8P16/hourly_seed_1011258,6584721c6064a2b54da33336206f51a7c01a5996a9fab8c5135bd47b1a42fd10
confirmation,job_count,1011259,H8P16,0.5,repeated,2.949121593122471,193.4389798490304,13,True,True,True,0.0,0.0,False,False,False,False,False,False,True,True,0,0.0,32.0,94.37189097991907,91.41711610731903,2.9547748726000407,3.718747620951035e-08,14668.857790464463,269.79845111772465,0.0,0.0,279.1773675779853,0,0,0,/home/user/projects/AIDRBench/results/nature_mainline/commitment_validation_v1/runs/confirmation/job_count/H8P16/repeated_f0.5_1011259.parquet,07a0a99ad30e5bd88a1028903360c0f924fd6927fac6771b6036cbe4442d55d0,/home/user/projects/AIDRBench/results/nature_mainline/commitment_validation_v1/inputs/confirmation/job_count/1011259/H8P16/hourly_seed_1011259,9517e34000792d5d452310ef7ae69f07a6d22a821db9813af2f2184e20e7b3fb
confirmation,job_count,1011260,H8P16,0.5,repeated,2.949121593122471,193.4389798490304,6,True,True,True,0.0,0.0,False,False,False,False,False,False,True,True,0,0.0,32.0,94.37189097991907,91.26157074509831,3.1103202348207617,2.3362122192338575e-07,16238.885242982939,269.2292885469619,0.0,0.0,288.7262153543379,2,2,6,/home/user/projects/AIDRBench/results/nature_mainline/commitment_validation_v1/runs/confirmation/job_count/H8P16/repeated_f0.5_1011260.parquet,6c7c8444422e350c3ab30f8cf32c485807bb099fff31ac7d79debe0a6bde48b9,/home/user/projects/AIDRBench/results/nature_mainline/commitment_validation_v1/inputs/confirmation/job_count/1011260/H8P16/hourly_seed_1011260,4620b782e95f1eebfd76a3f61bb246d5f665bcad8d6fbddbc38ecd3ac2925450
confirmation,job_count,1011261,H8P16,0.5,repeated,2.949121593122471,193.4389798490304,18,True,True,True,2.6645352591003757e-15,4.236198964534329e-19,False,False,False,False,False,False,True,True,0,0.0,32.0,94.37189097991907,91.33466130297143,3.0372296769476463,2.26258407565183e-07,15819.017351205852,269.97272975127976,2.6645352591003757e-15,0.0,286.87422643020966,0,0,0,/home/user/projects/AIDRBench/results/nature_mainline/commitment_validation_v1/runs/confirmation/job_count/H8P16/repeated_f0.5_1011261.parquet,cb4f1cb384e0fe4c3548784a983318bd3ed7863be764b12900e2df85e52337c1,/home/user/projects/AIDRBench/results/nature_mainline/commitment_validation_v1/inputs/confirmation/job_count/1011261/H8P16/hourly_seed_1011261,aae937329258c8483cf23729e4d9760ea3aeb1e4838879f1021fa7ef9d4456c7
confirmation,job_count,1011262,H8P16,0.5,repeated,2.949121593122471,193.4389798490304,2,True,True,True,4.440892098500626e-16,7.060331607557215e-20,False,False,False,False,False,False,True,True,0,0.0,32.0,94.37189097991907,91.47956732508135,2.8923236548377247,0.6407643759528696,18970.12862076469,270.181427002216,4.440892098500626e-16,0.0,285.9855270242965,1,1,3,/home/user/projects/AIDRBench/results/nature_mainline/commitment_validation_v1/runs/confirmation/job_count/H8P16/repeated_f0.5_1011262.parquet,39710c8275cb04f42f1b4e8936e35527c0154e5ee28bfc6d17c47be67ce71804,/home/user/projects/AIDRBench/results/nature_mainline/commitment_validation_v1/inputs/confirmation/job_count/1011262/H8P16/hourly_seed_1011262,8948e9eef2815475ab2d9aeb36e0b5ee4d18b3fe99434a314b4ce1df5e278fd4
confirmation,job_count,1011263,H8P16,0.5,repeated,2.949121593122471,193.4389798490304,15,True,True,True,0.0,0.0,False,False,False,False,False,False,True,True,0,0.0,32.0,94.37189097991907,91.71819316071361,2.653697819205462,1.1368683772161603e-13,17881.697819785746,271.1470470213424,0.0,0.0,303.8248936963389,5,5,7,/home/user/projects/AIDRBench/results/nature_mainline/commitment_validation_v1/runs/confirmation/job_count/H8P16/repeated_f0.5_1011263.parquet,9030f45c7bfa3f5e9c935738e78ddb54d675fa9cd96199d134be6d53909d5ece,/home/user/projects/AIDRBench/results/nature_mainline/commitment_validation_v1/inputs/confirmation/job_count/1011263/H8P16/hourly_seed_1011263,26c34721b637336b2e8274be9194fd975d0c32f1e29c3b4b726b4419b4a34484
confirmation,job_count,1011264,H8P16,0.5,repeated,2.949121593122471,193.4389798490304,2,True,True,True,0.0,0.0,False,False,False,False,False,False,True,True,0,0.0,32.0,94.37189097991907,91.4896436596963,2.882247320222774,0.6742441409638786,18056.636922916856,270.30229997661183,0.0,0.0,279.2456734403542,1,1,3,/home/user/projects/AIDRBench/results/nature_mainline/commitment_validation_v1/runs/confirmation/job_count/H8P16/repeated_f0.5_1011264.parquet,c53e6f5c17cc516043f03bc8a0a1309f96269f6c2eedbdb3c31f64c3c6b7e22f,/home/user/projects/AIDRBench/results/nature_mainline/commitment_validation_v1/inputs/confirmation/job_count/1011264/H8P16/hourly_seed_1011264,5a72d3a37b04227cfa26151a21b17cab044d054b2f2ddca3105f46543f53e1d6
confirmation,job_count,1011265,H8P16,0.5,repeated,2.949121593122471,193.4389798490304,9,True,True,True,0.0,0.0,False,False,False,False,False,False,True,True,0,0.0,32.0,94.37189097991907,91.45755938995745,2.91433158996162,7.958078640513122e-13,18634.21217751275,269.7174995024578,0.0,0.0,331.48471826941585,1,1,7,/home/user/projects/AIDRBench/results/nature_mainline/commitment_validation_v1/runs/confirmation/job_count/H8P16/repeated_f0.5_1011265.parquet,19f3fc62c7dd86d0cf0f8fb3ad915ba4a1c482fbca775ac8577ee863454960f3,/home/user/projects/AIDRBench/results/nature_mainline/commitment_validation_v1/inputs/confirmation/job_count/1011265/H8P16/hourly_seed_1011265,e53598ef79f3ee43a5b77ca5d13a09b3b45b8ba263b0bb6ced884438b5091234
confirmation,job_count,1011266,H8P16,0.5,repeated,2.949121593122471,193.4389798490304,17,True,True,True,3.3306690738754696e-16,5.295248705667909e-20,False,False,False,False,False,False,True,True,0,0.0,32.0,94.37189097991907,91.48736512577653,2.884525854142538,1.6551251746932394e-07,16236.458093278212,269.770992404001,3.3306690738754696e-16,0.0,287.80959008991863,1,1,6,/home/user/projects/AIDRBench/results/nature_mainline/commitment_validation_v1/runs/confirmation/job_count/H8P16/repeated_f0.5_1011266.parquet,58a3d455b95dad1332315c9975a86adb171b2c982730886f93ebc7ad8c62fc0b,/home/user/projects/AIDRBench/results/nature_mainline/commitment_validation_v1/inputs/confirmation/job_count/1011266/H8P16/hourly_seed_1011266,ce0a79a83d98f381f5eb574102f37940589c57dd2e14d21416c9a05ce2cd757a
confirmation,job_count,1011267,H8P16,0.5,repeated,2.949121593122471,193.4389798490304,12,True,True,True,8.881784197001252e-16,1.412066321511443e-19,False,False,False,False,False,False,True,True,0,0.0,32.0,94.37189097991907,91.23715614976265,3.134734830156418,0.0,17726.695648861685,270.44372593994893,8.881784197001252e-16,0.0,303.8279295833164,1,1,3,/home/user/projects/AIDRBench/results/nature_mainline/commitment_validation_v1/runs/confirmation/job_count/H8P16/repeated_f0.5_1011267.parquet,50f127737f53e3469320a14efa07510716ccdf09ea04175d4d3b88a771468ca6,/home/user/projects/AIDRBench/results/nature_mainline/commitment_validation_v1/inputs/confirmation/job_count/1011267/H8P16/hourly_seed_1011267,e96ead769ab4cb17178371d9aa978a0091fed5099ef82004ea513ca541502c4a
confirmation,job_count,1011268,H8P16,0.5,repeated,2.949121593122471,193.4389798490304,9,True,True,True,0.0,0.0,False,False,False,False,False,False,True,True,0,0.0,32.0,94.37189097991907,91.45762593067133,2.9142650492477458,-2.2737367544323206e-13,18011.906639811903,269.40247982470726,0.0,0.0,321.5871118668173,6,6,2,/home/user/projects/AIDRBench/results/nature_mainline/commitment_validation_v1/runs/confirmation/job_count/H8P16/repeated_f0.5_1011268.parquet,f20acd100cb1c5cd3747e5965cf4e664ab50ef2badad4975d46257d9088311f7,/home/user/projects/AIDRBench/results/nature_mainline/commitment_validation_v1/inputs/confirmation/job_count/1011268/H8P16/hourly_seed_1011268,9e7ba5288425bbd6151f5cf32fe1ea956f377023e2ca788796ebaf9bd7c481db
confirmation,job_count,1011269,H8P16,0.5,repeated,2.949121593122471,193.4389798490304,17,True,True,True,0.0,0.0,False,False,False,False,False,False,True,True,0,0.0,32.0,94.37189097991907,91.45128695585987,2.9206040240592017,5.684341886080802e-14,16805.910932467348,270.2034798962842,0.0,0.0,289.1400464537257,2,2,5,/home/user/projects/AIDRBench/results/nature_mainline/commitment_validation_v1/runs/confirmation/job_count/H8P16/repeated_f0.5_1011269.parquet,a1bcd29157d9713170397f346db52f8b67cf9700d3ac4092d50336d6ed559dd3,/home/user/projects/AIDRBench/results/nature_mainline/commitment_validation_v1/inputs/confirmation/job_count/1011269/H8P16/hourly_seed_1011269,e5e632092a29b949c2319035ee4c1376e5ebabb9db6936d5b97c43b31fb632a5
confirmation,job_count,1011270,H8P16,0.5,repeated,2.949121593122471,193.4389798490304,21,True,True,True,0.0,0.0,False,False,False,False,False,False,True,True,0,0.0,32.0,94.37189097991907,91.3351959909233,3.0366949889957766,3.201056415491621e-07,14850.821958040679,270.2993119891641,0.0,0.0,268.0337998150344,0,0,4,/home/user/projects/AIDRBench/results/nature_mainline/commitment_validation_v1/runs/confirmation/job_count/H8P16/repeated_f0.5_1011270.parquet,d07ccf3406ea5e26f981bc783c928efab5be584d052d113528c7ffe4c1ecacd4,/home/user/projects/AIDRBench/results/nature_mainline/commitment_validation_v1/inputs/confirmation/job_count/1011270/H8P16/hourly_seed_1011270,3dcc88c837cb34b55c75b6fcfa868ccc48cfc11f04edee69acbb617e34703438
confirmation,job_count,1011271,H8P16,0.5,repeated,2.949121593122471,193.4389798490304,8,True,True,True,4.6629367034256575e-15,7.413348187935075e-19,False,False,False,False,False,False,True,True,0,0.0,32.0,94.37189097991907,91.19482280041825,3.1770681795008215,-4.547473508864641e-13,18089.34974260972,269.0444289129186,4.6629367034256575e-15,0.0,328.00438306946296,1,1,1,/home/user/projects/AIDRBench/results/nature_mainline/commitment_validation_v1/runs/confirmation/job_count/H8P16/repeated_f0.5_1011271.parquet,cf5aac7107901b41c0af2812844dfcc20faff052b0c408a4b79a88fddf69701c,/home/user/projects/AIDRBench/results/nature_mainline/commitment_validation_v1/inputs/confirmation/job_count/1011271/H8P16/hourly_seed_1011271,85d7fb9e2a1fdfc09893ab28c0b64136d85a92e2d9f336fe4a8df776fb3c1f96
confirmation,job_count,1011272,H8P16,0.5,repeated,2.949121593122471,193.4389798490304,7,True,True,True,0.0,0.0,False,False,False,False,False,False,True,True,0,0.0,32.0,94.37189097991907,91.2513205392006,3.120570440718467,-2.2737367544323206e-13,18334.85694122545,269.2878358611345,0.0,0.0,327.06413336160495,1,1,6,/home/user/projects/AIDRBench/results/nature_mainline/commitment_validation_v1/runs/confirmation/job_count/H8P16/repeated_f0.5_1011272.parquet,9439391c58aca2f78199cee94eb32cfa5371537d4680e606bdd4fabaa3657c69,/home/user/projects/AIDRBench/results/nature_mainline/commitment_validation_v1/inputs/confirmation/job_count/1011272/H8P16/hourly_seed_1011272,74e978c757bc80a8d7bbe1cbba8158494b839cbb8758940beec6af51236a61b3
confirmation,job_count,1011273,H8P16,0.5,repeated,2.949121593122471,193.4389798490304,23,True,True,True,0.0,0.0,False,False,False,False,False,False,True,True,0,0.0,32.0,94.37189097991907,91.80098963673106,2.5709013431880123,-5.115907697472721e-13,15495.313210527522,270.92439008234294,0.0,0.0,299.1031155326675,3,3,0,/home/user/projects/AIDRBench/results/nature_mainline/commitment_validation_v1/runs/confirmation/job_count/H8P16/repeated_f0.5_1011273.parquet,cdf4dd692ecde1fb78e708c26b5116adf786493364cd4b2eb253341e6629e62b,/home/user/projects/AIDRBench/results/nature_mainline/commitment_validation_v1/inputs/confirmation/job_count/1011273/H8P16/hourly_seed_1011273,ec417209513bf0ec8359c0dac55702aba0451f7537ec17547cf551beab609af6
confirmation,job_count,1011274,H8P16,0.5,repeated,2.949121593122471,193.4389798490304,10,True,True,True,0.0,0.0,False,False,False,False,False,False,True,True,0,0.0,32.0,94.37189097991907,91.42290719470185,2.948983785217223,2.3445835495294887e-07,17610.322477978676,270.0612058132249,0.0,0.0,317.4025650422129,1,1,0,/home/user/projects/AIDRBench/results/nature_mainline/commitment_validation_v1/runs/confirmation/job_count/H8P16/repeated_f0.5_1011274.parquet,46bcd5a79aa855568b180b81271974c58f56f0e19e9ecea07713b02571de40ad,/home/user/projects/AIDRBench/results/nature_mainline/commitment_validation_v1/inputs/confirmation/job_count/1011274/H8P16/hourly_seed_1011274,68b1c1053fe1181a3b8a1ece9065ed24bbb3ed0b5a403b92be5ed98fac32cc28
confirmation,job_count,1011275,H8P16,0.5,repeated,2.949121593122471,193.4389798490304,5,True,True,True,0.0,0.0,False,False,False,False,False,False,True,True,0,0.0,32.0,94.37189097991907,91.70585459388423,2.666036386034847,9.094947017729282e-13,15266.344305216242,270.38311652526534,0.0,0.0,276.7003061367613,2,2,5,/home/user/projects/AIDRBench/results/nature_mainline/commitment_validation_v1/runs/confirmation/job_count/H8P16/repeated_f0.5_1011275.parquet,a402df914a3662421022d83c3635eab9999697c2dd61a6a9f4e931e719e31a07,/home/user/projects/AIDRBench/results/nature_mainline/commitment_validation_v1/inputs/confirmation/job_count/1011275/H8P16/hourly_seed_1011275,df992bb7471705d08c380425c079df83c2c1f01fde8c786875ef0afe8f37483c
confirmation,job_count,1011276,H8P16,0.5,repeated,2.949121593122471,193.4389798490304,4,True,True,True,0.0,0.0,False,False,False,False,False,False,True,True,0,0.0,32.0,94.37189097991907,91.6886399831804,2.6832509967386784,-1.7053025658242404e-13,17143.750846987794,270.80398000281536,0.0,0.0,268.3046263087075,1,1,3,/home/user/projects/AIDRBench/results/nature_mainline/commitment_validation_v1/runs/confirmation/job_count/H8P16/repeated_f0.5_1011276.parquet,d04ba575c604f3bf381522ac18702060460e4a48a78b6d179a76494fcfbd57dc,/home/user/projects/AIDRBench/results/nature_mainline/commitment_validation_v1/inputs/confirmation/job_count/1011276/H8P16/hourly_seed_1011276,25ef36099062fc1228a6c6d29e6413e81decb3d0a69c261a708501b84535280d
confirmation,job_count,1011277,H8P16,0.5,repeated,2.949121593122471,193.4389798490304,17,True,True,True,0.0,0.0,False,False,False,False,False,False,True,True,0,0.0,32.0,94.37189097991907,91.20028199711209,3.171608982806987,-1.7053025658242404e-13,16118.509154302872,269.40158760686325,0.0,0.0,288.2091740269909,2,2,1,/home/user/projects/AIDRBench/results/nature_mainline/commitment_validation_v1/runs/confirmation/job_count/H8P16/repeated_f0.5_1011277.parquet,1cd8f5a0c4cc220de6833ce87f41e676c42d5b5d7d79cfc9716d1e52f6c7fa88,/home/user/projects/AIDRBench/results/nature_mainline/commitment_validation_v1/inputs/confirmation/job_count/1011277/H8P16/hourly_seed_1011277,f2b735380ec7a21e6c2eb98a3716c16108e196288524be5739f9113425034834
confirmation,job_count,1011278,H8P16,0.5,repeated,2.949121593122471,193.4389798490304,12,True,True,True,1.687538997430238e-14,2.6829260108717415e-18,False,False,False,False,False,False,True,True,0,0.0,32.0,94.37189097991907,91.01825626426665,3.3536347156524187,1.9951880858570803e-07,16237.12846987242,269.9217537203466,1.687538997430238e-14,0.0,300.87723488612505,0,0,0,/home/user/projects/AIDRBench/results/nature_mainline/commitment_validation_v1/runs/confirmation/job_count/H8P16/repeated_f0.5_1011278.parquet,546dc9533845507c6f8f2c07e508d447ca9195e79eabee0b4ef8dadda5b9a3a9,/home/user/projects/AIDRBench/results/nature_mainline/commitment_validation_v1/inputs/confirmation/job_count/1011278/H8P16/hourly_seed_1011278,a0159263d8947e743004d5d9d336277b29ee652c36c0a94312b59a4b4917dc82
confirmation,job_count,1011279,H8P16,0.5,repeated,2.949121593122471,193.4389798490304,8,True,True,True,0.0,0.0,False,False,False,False,False,False,True,True,0,0.0,32.0,94.37189097991907,91.2510913896977,3.1207995902213668,-1.1368683772161603e-13,18266.474460402464,269.04442891291865,0.0,0.0,326.04081804214053,6,6,1,/home/user/projects/AIDRBench/results/nature_mainline/commitment_validation_v1/runs/confirmation/job_count/H8P16/repeated_f0.5_1011279.parquet,743857a54c7afa4de987b148005265199897cbc1185dd3b2193874813b98bcf7,/home/user/projects/AIDRBench/results/nature_mainline/commitment_validation_v1/inputs/confirmation/job_count/1011279/H8P16/hourly_seed_1011279,0cb70043b6527ef7b28cf1857e63cc9cf82cdf794934657d5cad85679e453a76
confirmation,job_count,1011280,H8P16,0.5,repeated,2.949121593122471,193.4389798490304,9,True,True,True,0.0,0.0,False,False,False,False,False,False,True,True,0,0.0,32.0,94.37189097991907,91.3342973302465,3.037593649672573,-3.410605131648481e-13,18100.833337304688,269.5330475647824,0.0,0.0,324.8573226395331,1,1,7,/home/user/projects/AIDRBench/results/nature_mainline/commitment_validation_v1/runs/confirmation/job_count/H8P16/repeated_f0.5_1011280.parquet,e060e11951c209178bcaf6274e63046cc2691b51f7f69ce6088cb5cb86e37440,/home/user/projects/AIDRBench/results/nature_mainline/commitment_validation_v1/inputs/confirmation/job_count/1011280/H8P16/hourly_seed_1011280,887d5b3183f9be53017df332ac98ef17759c617152884655672a1699e0f7ead5
confirmation,job_count,1011281,H8P16,0.5,repeated,2.949121593122471,193.4389798490304,9,True,True,True,4.6629367034256575e-15,7.413348187935075e-19,False,False,False,False,False,False,True,True,0,0.0,32.0,94.37189097991907,91.25771925506149,3.1141717248575844,-5.684341886080802e-14,17433.69330858937,269.6034876677248,4.6629367034256575e-15,0.0,309.16912691195466,0,0,2,/home/user/projects/AIDRBench/results/nature_mainline/commitment_validation_v1/runs/confirmation/job_count/H8P16/repeated_f0.5_1011281.parquet,2803140b828954b0370bb51a145fd44bedd093a0996d66d812bbe98a20b12b66,/home/user/projects/AIDRBench/results/nature_mainline/commitment_validation_v1/inputs/confirmation/job_count/1011281/H8P16/hourly_seed_1011281,550cf010bfe09bf51005d92e08633784552c734164b815f7a1a4935fca6ca97d
confirmation,job_count,1011282,H8P16,0.5,repeated,2.949121593122471,193.4389798490304,0,True,True,True,0.0,0.0,False,False,False,False,False,False,True,True,0,0.0,32.0,94.37189097991907,91.3985696418174,2.9733213381016697,3.979039320256561e-13,15987.533453508946,269.3112047614013,0.0,0.0,288.5567212663229,6,6,6,/home/user/projects/AIDRBench/results/nature_mainline/commitment_validation_v1/runs/confirmation/job_count/H8P16/repeated_f0.5_1011282.parquet,64200835cebff6f8eb39bd977b943a3a0032bd449b9dc76089897d68eb73a476,/home/user/projects/AIDRBench/results/nature_mainline/commitment_validation_v1/inputs/confirmation/job_count/1011282/H8P16/hourly_seed_1011282,ae1103491043ce5a5bf8f20420eaaf4508dc318ad178dc2c13caaee1cc0d5584
confirmation,job_count,1011283,H8P16,0.5,repeated,2.949121593122471,193.4389798490304,8,True,True,True,0.0,0.0,False,False,False,False,False,False,True,True,0,0.0,32.0,94.37189097991907,91.2578839709256,3.114007008993468,1.1408934597056941e-07,18567.567408074963,268.9507032739825,0.0,0.0,327.881250593927,2,2,6,/home/user/projects/AIDRBench/results/nature_mainline/commitment_validation_v1/runs/confirmation/job_count/H8P16/repeated_f0.5_1011283.parquet,86144b0449e5347a7e5479f9e4bcd1c625fa8e786ba9f5f9a040cf350155ef39,/home/user/projects/AIDRBench/results/nature_mainline/commitment_validation_v1/inputs/confirmation/job_count/1011283/H8P16/hourly_seed_1011283,9408be61bf288f81cffffbaa5803d95d555d78d0b8ffbe4a3655510c0202bd44
confirmation,job_count,1011284,H8P16,0.5,repeated,2.949121593122471,193.4389798490304,13,True,True,True,0.0,0.0,False,False,False,False,False,False,True,True,0,0.0,32.0,94.37189097991907,91.27349257430814,3.0983984056109364,5.115907697472721e-13,16389.275889820186,269.0210132862528,0.0,0.0,299.0932455977545,2,2,6,/home/user/projects/AIDRBench/results/nature_mainline/commitment_validation_v1/runs/confirmation/job_count/H8P16/repeated_f0.5_1011284.parquet,34d573d7663982d4accc8839bf83f25572d40903d269056c88d9fd92a5bf6771,/home/user/projects/AIDRBench/results/nature_mainline/commitment_validation_v1/inputs/confirmation/job_count/1011284/H8P16/hourly_seed_1011284,7cd9bbfa46738145da585726cfe68440e30577f7e6a705001aa9e1b892198935
confirmation,job_count,1011285,H8P16,0.5,repeated,2.949121593122471,193.4389798490304,22,True,True,True,0.0,0.0,False,False,False,False,False,False,True,True,0,0.0,32.0,94.37189097991907,91.68188638560588,2.6900045943131943,1.4259632052926463e-07,13768.552693882153,270.42181912909814,0.0,0.0,260.97827232238376,2,2,6,/home/user/projects/AIDRBench/results/nature_mainline/commitment_validation_v1/runs/confirmation/job_count/H8P16/repeated_f0.5_1011285.parquet,44b6d6e361888095cd335db2ff8567cb22142d0536708e570b30975a52c797f3,/home/user/projects/AIDRBench/results/nature_mainline/commitment_validation_v1/inputs/confirmation/job_count/1011285/H8P16/hourly_seed_1011285,41d0c5481c8bdca81e6f5dd82e16f42f4db15017ac49c28268f32eb1451f3c41
confirmation,job_count,1011286,H8P16,0.5,repeated,2.949121593122471,193.4389798490304,5,True,True,True,7.951972413877684e-15,1.2642406284782137e-18,False,False,False,False,False,False,True,True,0,0.0,32.0,94.37189097991907,91.56178667946426,2.8101043004548103,-5.115907697472721e-13,14564.653372600922,270.0082028854353,7.951972413877684e-15,0.0,274.30078163628934,2,2,0,/home/user/projects/AIDRBench/results/nature_mainline/commitment_validation_v1/runs/confirmation/job_count/H8P16/repeated_f0.5_1011286.parquet,491aca351bd5d6cce355e1fdee8b808f462370f4a810fa6dde8a6877d9728822,/home/user/projects/AIDRBench/results/nature_mainline/commitment_validation_v1/inputs/confirmation/job_count/1011286/H8P16/hourly_seed_1011286,7410d87143ae7f7f088b36f8dcdd73b26ffc42c3f500cb48e94e7803688b1a34
confirmation,job_count,1011287,H8P16,0.5,repeated,2.949121593122471,193.4389798490304,18,True,True,True,0.0,0.0,False,False,False,False,False,False,True,True,0,0.0,32.0,94.37189097991907,91.40144090263072,2.9704500772883478,3.5348932669876376e-08,14983.771978362765,269.54860626983617,0.0,0.0,267.9554813481327,0,0,4,/home/user/projects/AIDRBench/results/nature_mainline/commitment_validation_v1/runs/confirmation/job_count/H8P16/repeated_f0.5_1011287.parquet,feda352a01a620ad49d483c5637ca8683fc2508a4bf149fed3e72ce3091469a0,/home/user/projects/AIDRBench/results/nature_mainline/commitment_validation_v1/inputs/confirmation/job_count/1011287/H8P16/hourly_seed_1011287,6f9fcf7aef40d91e2a65aa08c58ae130cd716f35eee42b4b662c5037cad51945
confirmation,job_count,1011288,H8P16,0.5,repeated,2.949121593122471,193.4389798490304,2,True,True,True,0.0,0.0,False,False,False,False,False,False,True,True,0,0.0,32.0,94.37189097991907,91.26430510631383,3.1075858736052453,2.2737367544323206e-13,16046.401612338816,269.29849737550927,0.0,0.0,283.255412177341,0,0,6,/home/user/projects/AIDRBench/results/nature_mainline/commitment_validation_v1/runs/confirmation/job_count/H8P16/repeated_f0.5_1011288.parquet,5e61dc3a00e333eb1562c8c79ed2e7f7e59c65755f5bfea4ea242a97fd739229,/home/user/projects/AIDRBench/results/nature_mainline/commitment_validation_v1/inputs/confirmation/job_count/1011288/H8P16/hourly_seed_1011288,88af638cdd3e83b8a87c77fe87599b7e416a049c53b8285450f31450fb0e1b35
confirmation,job_count,1011289,H8P16,0.5,repeated,2.949121593122471,193.4389798490304,2,True,True,True,0.0,0.0,False,False,False,False,False,False,True,True,0,0.0,32.0,94.37189097991907,91.37202983029715,2.999861149621921,0.4774121573240109,15473.185775906953,269.56838566384295,0.0,0.0,271.7146207665916,0,0,4,/home/user/projects/AIDRBench/results/nature_mainline/commitment_validation_v1/runs/confirmation/job_count/H8P16/repeated_f0.5_1011289.parquet,dc84bb4c36dc62d25c3784939f42fa6748bbc3eaaf5864b0df6238b01e205057,/home/user/projects/AIDRBench/results/nature_mainline/commitment_validation_v1/inputs/confirmation/job_count/1011289/H8P16/hourly_seed_1011289,7b579e685ed44e329f62e2b743bca48be1a091736e90f43184263604e71903d4
confirmation,job_count,1011290,H8P16,0.5,repeated,2.949121593122471,193.4389798490304,14,True,True,True,0.0,0.0,False,False,False,False,False,False,True,True,0,0.0,32.0,94.37189097991907,91.16594407030578,3.2059469096132887,2.8784597816411406e-08,16468.728433889548,268.76892073111514,0.0,0.0,298.3336650096412,4,4,4,/home/user/projects/AIDRBench/results/nature_mainline/commitment_validation_v1/runs/confirmation/job_count/H8P16/repeated_f0.5_1011290.parquet,3e00f7c88a9b75abfb9de43f4e29966e2eba1e5670044e575154d11e34e28134,/home/user/projects/AIDRBench/results/nature_mainline/commitment_validation_v1/inputs/confirmation/job_count/1011290/H8P16/hourly_seed_1011290,7ed9ca636ab60a6a996d2a0202756704ce3a4b98e6357df8ff82bb984a5e5c00
confirmation,job_count,1011291,H8P16,0.5,repeated,2.949121593122471,193.4389798490304,23,True,True,True,0.0,0.0,False,False,False,False,False,False,True,True,0,0.0,32.0,94.37189097991907,91.74649673847688,2.6253942414421942,6.821210263296962e-13,14581.820177856884,270.2883553607584,0.0,0.0,281.9748646020714,4,4,1,/home/user/projects/AIDRBench/results/nature_mainline/commitment_validation_v1/runs/confirmation/job_count/H8P16/repeated_f0.5_1011291.parquet,9c9fd006c1d524b37d3fd343c59681ebfe74ffc277dbc7869cd1fdbfbcab6fa0,/home/user/projects/AIDRBench/results/nature_mainline/commitment_validation_v1/inputs/confirmation/job_count/1011291/H8P16/hourly_seed_1011291,fb4753fd7d82c2cf987895084028c3767032e72a6d040c4b46751c15c2cf1b0a
confirmation,job_count,1011292,H8P16,0.5,repeated,2.949121593122471,193.4389798490304,16,True,True,True,4.884981308350689e-15,7.766364768312936e-19,False,False,False,False,False,False,True,True,0,0.0,32.0,94.37189097991907,91.45775913773934,2.914131842179728,2.4344956273125717e-08,16681.38907311199,269.774390851515,4.884981308350689e-15,0.0,290.0754225632801,2,2,5,/home/user/projects/AIDRBench/results/nature_mainline/commitment_validation_v1/runs/confirmation/job_count/H8P16/repeated_f0.5_1011292.parquet,f1bb26dba131ec6f572fcdbbf34b26110eb129980358e1f50385e3fbbc4f3a5a,/home/user/projects/AIDRBench/results/nature_mainline/commitment_validation_v1/inputs/confirmation/job_count/1011292/H8P16/hourly_seed_1011292,891bc487a23a909d7c9500adf2639aabc86dc072215d85f7169b6fe2c7fcc7f6
confirmation,job_count,1011293,H8P16,0.5,repeated,2.949121593122471,193.4389798490304,8,True,True,True,0.0,0.0,False,False,False,False,False,False,True,True,0,0.0,32.0,94.37189097991907,91.09980000081094,3.2720909791081283,1.1368683772161603e-13,18609.91043392751,269.04442891291853,0.0,0.0,334.33981363195903,3,3,1,/home/user/projects/AIDRBench/results/nature_mainline/commitment_validation_v1/runs/confirmation/job_count/H8P16/repeated_f0.5_1011293.parquet,5c7bab31f720feb2d056bb26262a058ac005cb02b717eedb1004dff3f540d45b,/home/user/projects/AIDRBench/results/nature_mainline/commitment_validation_v1/inputs/confirmation/job_count/1011293/H8P16/hourly_seed_1011293,ba0529965e9e7669eb136cf1370538eb1d13a8fb255040e6fd65ccc5f7397e89
confirmation,job_count,1011294,H8P16,0.5,repeated,2.949121593122471,193.4389798490304,16,True,True,True,0.0,0.0,False,False,False,False,False,False,True,True,0,0.0,32.0,94.37189097991907,91.35190773349746,3.019983246421617,-6.252776074688882e-13,16664.38976339686,269.5595277456584,0.0,0.0,292.85083578377504,4,4,2,/home/user/projects/AIDRBench/results/nature_mainline/commitment_validation_v1/runs/confirmation/job_count/H8P16/repeated_f0.5_1011294.parquet,3b9bca8649c5d485d141f4a5e8f80827e4b5285da97112640be2a46587ad20b4,/home/user/projects/AIDRBench/results/nature_mainline/commitment_validation_v1/inputs/confirmation/job_count/1011294/H8P16/hourly_seed_1011294,a2ef8e3fc1590c5b9da609a63979fa115db706cf2a1f07d1c6108669cec4cb47
confirmation,job_count,1011295,H8P16,0.5,repeated,2.949121593122471,193.4389798490304,0,True,True,True,0.0,0.0,False,False,False,False,False,False,True,True,0,0.0,32.0,94.37189097991907,91.49045642561083,2.8814345543082425,0.0,16282.532763048748,269.5284746588623,0.0,0.0,288.7739911637839,5,5,6,/home/user/projects/AIDRBench/results/nature_mainline/commitment_validation_v1/runs/confirmation/job_count/H8P16/repeated_f0.5_1011295.parquet,025ca31911c85ab1b7e5d123556686f9d563769712c364c01a4606c82dfe957b,/home/user/projects/AIDRBench/results/nature_mainline/commitment_validation_v1/inputs/confirmation/job_count/1011295/H8P16/hourly_seed_1011295,8af1ca5f559ba56fe96c1ccae0590233bff2d7a22927802107c2c507d3f950b7
confirmation,job_count,1011296,H8P16,0.5,repeated,2.949121593122471,193.4389798490304,3,True,True,True,0.0,0.0,False,False,False,False,False,False,True,True,0,0.0,32.0,94.37189097991907,91.55385848817406,2.818032491745015,2.3571527663079905e-07,17948.829094394234,270.4021057082217,0.0,0.0,278.7632193224972,0,0,3,/home/user/projects/AIDRBench/results/nature_mainline/commitment_validation_v1/runs/confirmation/job_count/H8P16/repeated_f0.5_1011296.parquet,7233f04256b7e7a30e46c4f89fb3639924c8b55c5fc64f04bb000387b6ded2fa,/home/user/projects/AIDRBench/results/nature_mainline/commitment_validation_v1/inputs/confirmation/job_count/1011296/H8P16/hourly_seed_1011296,b249cbe9fd1a506b80a98d20af57807c5521d6073f2bd5ba12c40ba4816dd3ca
confirmation,job_count,1011297,H8P16,0.5,repeated,2.949121593122471,193.4389798490304,4,True,True,True,0.0,0.0,False,False,False,False,False,False,True,True,0,0.0,32.0,94.37189097991907,91.73115676111053,2.6407342188085465,-7.389644451905042e-13,15689.183818842586,270.3778241241906,0.0,0.0,274.87185516899433,0,0,5,/home/user/projects/AIDRBench/results/nature_mainline/commitment_validation_v1/runs/confirmation/job_count/H8P16/repeated_f0.5_1011297.parquet,80c8befcae8a7d6adc86f4f46aec4bc707dd8d6149480e3ebd21a20a30a9b9d7,/home/user/projects/AIDRBench/results/nature_mainline/commitment_validation_v1/inputs/confirmation/job_count/1011297/H8P16/hourly_seed_1011297,0f8b22cd6057d53578cd0be3b8747a064f2c6e18a3c4bb70275b27129f2cffd9
confirmation,job_count,1011298,H8P16,0.5,repeated,2.949121593122471,193.4389798490304,0,True,True,True,0.0,0.0,False,False,False,False,False,False,True,True,0,0.0,32.0,94.37189097991907,91.43806927873658,2.933821701182495,0.0,15997.663911387062,269.5236866177474,0.0,0.0,288.76920657973835,4,4,6,/home/user/projects/AIDRBench/results/nature_mainline/commitment_validation_v1/runs/confirmation/job_count/H8P16/repeated_f0.5_1011298.parquet,35d1e1682b1f75a39244c40bf76f70706f022427adbe258b5905377e6d70345c,/home/user/projects/AIDRBench/results/nature_mainline/commitment_validation_v1/inputs/confirmation/job_count/1011298/H8P16/hourly_seed_1011298,5eba843c006bd57bade67c874da5dcddc79027c7b93593e8697174f344189c12
confirmation,job_count,1011299,H8P16,0.5,repeated,2.949121593122471,193.4389798490304,15,True,True,True,0.0,0.0,False,False,False,False,False,False,True,True,0,0.0,32.0,94.37189097991907,91.1746375183539,3.197253461565168,2.2737367544323206e-13,16067.506378579397,268.9869279799458,0.0,0.0,290.4490916216846,1,1,4,/home/user/projects/AIDRBench/results/nature_mainline/commitment_validation_v1/runs/confirmation/job_count/H8P16/repeated_f0.5_1011299.parquet,efbb6879e25abc9ff2bc9879591c8ac1aaed5b1c0f33f3fdac269af3f58a0416,/home/user/projects/AIDRBench/results/nature_mainline/commitment_validation_v1/inputs/confirmation/job_count/1011299/H8P16/hourly_seed_1011299,ed5e4e1ec2f899c0a4eda99865d737bd1dd62e089c9486cfcedeb203df052ea9
confirmation,resource_gpu_h,1011000,H8P16,0.25,repeated,1.4745607965612355,193.4389798490304,14,True,True,True,5.578870698741412e-15,8.869541581993751e-19,False,False,False,False,False,False,True,True,0,0.0,32.0,47.185945489959536,46.10213835008409,1.0838071398754465,2.8421709430404007e-13,8746.939794650227,139.72230549603182,5.578870698741412e-15,0.0,154.87592729899768,2,2,5,/home/user/projects/AIDRBench/results/nature_mainline/commitment_validation_v1/runs/confirmation/resource_gpu_h/H8P16/repeated_f0.25_1011000.parquet,546f591608bab23a49ab933fd0b35c2297a3c281b9ff74d78d783095685c20ab,/home/user/projects/AIDRBench/results/nature_mainline/commitment_validation_v1/inputs/confirmation/resource_gpu_h/1011000/H8P16/hourly_seed_1011000,08d826af14a3579f3a8c7e4814ebe286442f03c3b00677b2e85b28318e04e051
confirmation,resource_gpu_h,1011001,H8P16,0.25,repeated,1.4745607965612355,193.4389798490304,6,True,True,True,0.0,0.0,False,False,False,False,False,False,True,True,0,0.0,32.0,47.185945489959536,46.366593261433735,0.8193522285258013,-6.252776074688882e-13,8870.931600988553,139.85869272264733,0.0,0.0,163.17360977502776,2,2,2,/home/user/projects/AIDRBench/results/nature_mainline/commitment_validation_v1/runs/confirmation/resource_gpu_h/H8P16/repeated_f0.25_1011001.parquet,90fdd820f8d37f4509d48ed7b58e320a469b51faf340b93b8288e630792bac8a,/home/user/projects/AIDRBench/results/nature_mainline/commitment_validation_v1/inputs/confirmation/resource_gpu_h/1011001/H8P16/hourly_seed_1011001,eea4606299c2c194d54533367155e650176e84bc5e122b31983752410f2f0248
confirmation,resource_gpu_h,1011002,H8P16,0.25,repeated,1.4745607965612355,193.4389798490304,8,True,True,True,0.0,0.0,False,False,False,False,False,False,True,True,0,0.0,32.0,47.185945489959536,46.3751936435126,0.8107518464469337,1.9337223243661015,9575.948869627679,139.32098701658737,0.0,0.0,174.0222976449184,1,1,0,/home/user/projects/AIDRBench/results/nature_mainline/commitment_validation_v1/runs/confirmation/resource_gpu_h/H8P16/repeated_f0.25_1011002.parquet,6bb50c7ccab7203a6f967584f4132d39b5c28f2a3ef8c0f063353ae07ac22e36,/home/user/projects/AIDRBench/results/nature_mainline/commitment_validation_v1/inputs/confirmation/resource_gpu_h/1011002/H8P16/hourly_seed_1011002,a0ccf95278ab31d0a9b2fc39e9c3d76ad8f4487f857762a1383e0b76ce1e3ac0
confirmation,resource_gpu_h,1011003,H8P16,0.25,repeated,1.4745607965612355,193.4389798490304,18,True,True,True,0.0,0.0,False,False,False,False,False,False,True,True,0,0.0,32.0,47.185945489959536,46.286664425053175,0.8992810649063614,-2.2737367544323206e-13,8294.43074035714,138.14115259648955,0.0,0.0,147.24063025870845,0,0,4,/home/user/projects/AIDRBench/results/nature_mainline/commitment_validation_v1/runs/confirmation/resource_gpu_h/H8P16/repeated_f0.25_1011003.parquet,8a684fea0797fe5e89f888509ca16a804f05267d3d016cab9719f8eeb4acaf30,/home/user/projects/AIDRBench/results/nature_mainline/commitment_validation_v1/inputs/confirmation/resource_gpu_h/1011003/H8P16/hourly_seed_1011003,667e7c187a0e36cd3542b5346a5e0fac21e249db4524353302d88f671d26fd26
confirmation,resource_gpu_h,1011004,H8P16,0.25,repeated,1.4745607965612355,193.4389798490304,12,True,True,True,3.3306690738754696e-16,5.295248705667911e-20,False,False,False,False,False,False,True,True,0,0.0,32.0,47.185945489959536,46.23094774209139,0.9549977478681484,3.410605131648481e-13,8976.06192325203,138.99589079531358,3.3306690738754696e-16,0.0,158.37749628933682,0,0,5,/home/user/projects/AIDRBench/results/nature_mainline/commitment_validation_v1/runs/confirmation/resource_gpu_h/H8P16/repeated_f0.25_1011004.parquet,bc3720f6882f17229745a355c3bead0c5db860cd7fdd981ac00af5f1a875062a,/home/user/projects/AIDRBench/results/nature_mainline/commitment_validation_v1/inputs/confirmation/resource_gpu_h/1011004/H8P16/hourly_seed_1011004,02459c5451debeb6003183a4a0f16a52d39c20399b64432293dd1ba53c463381
confirmation,resource_gpu_h,1011005,H8P16,0.25,repeated,1.4745607965612355,193.4389798490304,3,True,True,True,0.0,0.0,False,False,False,False,False,False,True,True,0,0.0,32.0,47.185945489959536,46.58381687229996,0.6021286176595737,2.0792072064068634e-07,7485.526934570737,139.28905287311974,0.0,0.0,141.4357952903936,1,1,7,/home/user/projects/AIDRBench/results/nature_mainline/commitment_validation_v1/runs/confirmation/resource_gpu_h/H8P16/repeated_f0.25_1011005.parquet,01ddeccae4453845403bdcf13aea563844d64c108f33b80f71d8a89c62b284f0,/home/user/projects/AIDRBench/results/nature_mainline/commitment_validation_v1/inputs/confirmation/resource_gpu_h/1011005/H8P16/hourly_seed_1011005,04a59fe2af61358439dd8cadbf0209eaf73e435db578bed896c9943f7966f29a
confirmation,resource_gpu_h,1011006,H8P16,0.25,repeated,1.4745607965612355,193.4389798490304,21,True,True,True,0.0,0.0,False,False,False,False,False,False,True,True,0,0.0,32.0,47.185945489959536,46.353358463759946,0.8325870261995902,2.2979884306550957e-07,7766.100956835088,139.25739411560107,0.0,0.0,139.8143081138325,1,1,1,/home/user/projects/AIDRBench/results/nature_mainline/commitment_validation_v1/runs/confirmation/resource_gpu_h/H8P16/repeated_f0.25_1011006.parquet,3ec20d5f8d402d14cba5d32d714564d0a1cea0db91325bac54cd84c399ceb3dd,/home/user/projects/AIDRBench/results/nature_mainline/commitment_validation_v1/inputs/confirmation/resource_gpu_h/1011006/H8P16/hourly_seed_1011006,e28fab7f42d1e4762ceef28913603ed1f39356d38ecccfa09bd297f86d671c2a
confirmation,resource_gpu_h,1011007,H8P16,0.25,repeated,1.4745607965612355,193.4389798490304,6,True,True,True,0.0,0.0,False,False,False,False,False,False,True,True,0,0.0,32.0,47.185945489959536,46.3387522181184,0.8471932718411352,3.697845158967539e-07,9055.054085278034,142.33725437616613,0.0,0.0,166.04240226563311,3,3,0,/home/user/projects/AIDRBench/results/nature_mainline/commitment_validation_v1/runs/confirmation/resource_gpu_h/H8P16/repeated_f0.25_1011007.parquet,a12b111c6601d39d0c2339826bddf5c8206ad209d1fd54d55e6fdab70259ff91,/home/user/projects/AIDRBench/results/nature_mainline/commitment_validation_v1/inputs/confirmation/resource_gpu_h/1011007/H8P16/hourly_seed_1011007,b800aefbf29d32079e9701875582d229c8db82a2a2ab44838dce4587c97d37de
confirmation,resource_gpu_h,1011008,H8P16,0.25,repeated,1.4745607965612355,193.4389798490304,13,True,True,True,0.0,0.0,False,False,False,False,False,False,True,True,0,0.0,32.0,47.185945489959536,46.04977897766793,1.1361665122916094,5.045105240242265e-07,7947.291577199483,137.6398498825684,0.0,0.0,150.8468877233006,2,2,4,/home/user/projects/AIDRBench/results/nature_mainline/commitment_validation_v1/runs/confirmation/resource_gpu_h/H8P16/repeated_f0.25_1011008.parquet,d786a8060c83e4bd2853e949e0cc913ec5ac8b07c06b912003bc81c37ad33df6,/home/user/projects/AIDRBench/results/nature_mainline/commitment_validation_v1/inputs/confirmation/resource_gpu_h/1011008/H8P16/hourly_seed_1011008,b9ec73c59b5cb0c58a62f7c6312daab5a361c0bd597f5e7f7a0a0374238384bd
confirmation,resource_gpu_h,1011009,H8P16,0.25,repeated,1.4745607965612355,193.4389798490304,17,True,True,True,0.0,0.0,False,False,False,False,False,False,True,True,0,0.0,32.0,47.185945489959536,46.249104381815016,0.9368411081445203,1.7053025658242404e-13,8601.373783645275,137.48308809148176,0.0,0.0,152.86314883013753,3,3,2,/home/user/projects/AIDRBench/results/nature_mainline/commitment_validation_v1/runs/confirmation/resource_gpu_h/H8P16/repeated_f0.25_1011009.parquet,fa9a2e417aaf6a2a9a2b064f2b0b1f70e99e310bcb226c094fe80dcb05d1e307,/home/user/projects/AIDRBench/results/nature_mainline/commitment_validation_v1/inputs/confirmation/resource_gpu_h/1011009/H8P16/hourly_seed_1011009,a5f5a44bf88abc87872b8f9ab5c5f22d3070e1c7144249b6696969bb336981b1
confirmation,resource_gpu_h,1011010,H8P16,0.25,repeated,1.4745607965612355,193.4389798490304,0,True,True,True,0.0,0.0,False,False,False,False,False,False,True,True,0,0.0,32.0,47.185945489959536,46.37011280537121,0.8158326845883295,-4.547473508864641e-13,8833.314300224822,139.22232704384624,0.0,0.0,154.3023513969988,2,2,2,/home/user/projects/AIDRBench/results/nature_mainline/commitment_validation_v1/runs/confirmation/resource_gpu_h/H8P16/repeated_f0.25_1011010.parquet,ed70c56a82ba52ed2402c534b98a9504601d41358817bf4acfac68cd300cfe94,/home/user/projects/AIDRBench/results/nature_mainline/commitment_validation_v1/inputs/confirmation/resource_gpu_h/1011010/H8P16/hourly_seed_1011010,250590cd7adc459d5736fe9d5bc8b087b717fe81851f374fd4c46cc54ff589a6
confirmation,resource_gpu_h,1011011,H8P16,0.25,repeated,1.4745607965612355,193.4389798490304,13,True,True,True,0.0,0.0,False,False,False,False,False,False,True,True,0,0.0,32.0,47.185945489959536,46.258653414642055,0.9272920753174816,8.0793768120202e-08,8129.0420508792995,137.02699715697057,0.0,0.0,155.98161369346113,2,2,2,/home/user/projects/AIDRBench/results/nature_mainline/commitment_validation_v1/runs/confirmation/resource_gpu_h/H8P16/repeated_f0.25_1011011.parquet,56ed6c69658921aa07aee33fda3e282b2e0743771dcecdf974f98ec69cd45f83,/home/user/projects/AIDRBench/results/nature_mainline/commitment_validation_v1/inputs/confirmation/resource_gpu_h/1011011/H8P16/hourly_seed_1011011,006df3f389e3eb02f632086692c9dc79925283c5929b2a5ecdb11698d773953a
confirmation,resource_gpu_h,1011012,H8P16,0.25,repeated,1.4745607965612355,193.4389798490304,4,True,True,True,0.0,0.0,False,False,False,False,False,False,True,True,0,0.0,32.0,47.185945489959536,46.419863274656194,0.7660822153033422,5.684341886080802e-14,8147.162399799269,139.8200563944393,0.0,0.0,145.0826606121868,1,1,2,/home/user/projects/AIDRBench/results/nature_mainline/commitment_validation_v1/runs/confirmation/resource_gpu_h/H8P16/repeated_f0.25_1011012.parquet,05c41dd0042e194a9e75d202b07a4d04b81cadb165fbb34591ce3889d107e8dc,/home/user/projects/AIDRBench/results/nature_mainline/commitment_validation_v1/inputs/confirmation/resource_gpu_h/1011012/H8P16/hourly_seed_1011012,19c46c8abd537ac7dfc287cd34c0e82234bd176cfd185f9674bab2c2bd9f8c64
confirmation,resource_gpu_h,1011013,H8P16,0.25,repeated,1.4745607965612355,193.4389798490304,3,True,True,True,1.734723475976807e-15,2.7579420342020363e-19,False,False,False,False,False,False,True,True,0,0.0,32.0,47.185945489959536,46.34501849653219,0.8409269934273453,-4.547473508864641e-13,7912.178638326213,138.71078635348908,1.734723475976807e-15,0.0,149.93372574592377,1,1,5,/home/user/projects/AIDRBench/results/nature_mainline/commitment_validation_v1/runs/confirmation/resource_gpu_h/H8P16/repeated_f0.25_1011013.parquet,03b90d7d5e0b78bd0118e32e846e06e3bd7db99feeedff2c1a818d42d8c3f146,/home/user/projects/AIDRBench/results/nature_mainline/commitment_validation_v1/inputs/confirmation/resource_gpu_h/1011013/H8P16/hourly_seed_1011013,212746ff2bb41ce38f79cc2bd6944a8931cbbe660f7718357e615e5b440a58a3
confirmation,resource_gpu_h,1011014,H8P16,0.25,repeated,1.4745607965612355,193.4389798490304,15,True,True,True,0.0,0.0,False,False,False,False,False,False,True,True,0,0.0,32.0,47.185945489959536,46.169737921397,1.0162075685625354,2.2737367544323206e-13,9002.437471973713,144.94942240016348,0.0,0.0,168.24683837130664,2,2,0,/home/user/projects/AIDRBench/results/nature_mainline/commitment_validation_v1/runs/confirmation/resource_gpu_h/H8P16/repeated_f0.25_1011014.parquet,526fa806e9c9038801bb1a08dd9900b46fb67604297c5f403f2075ae330bdaef,/home/user/projects/AIDRBench/results/nature_mainline/commitment_validation_v1/inputs/confirmation/resource_gpu_h/1011014/H8P16/hourly_seed_1011014,ffba4ea7c60877d22354c8911001028b918ebe0e0fe73cba9b01f9c378db08e0
confirmation,resource_gpu_h,1011015,H8P16,0.25,repeated,1.4745607965612355,193.4389798490304,22,True,True,True,0.0,0.0,False,False,False,False,False,False,True,True,0,0.0,32.0,47.185945489959536,46.455158409824406,0.7307870801351299,2.138985610652128,8409.826073937009,139.354090781487,0.0,0.0,155.471497908674,2,2,0,/home/user/projects/AIDRBench/results/nature_mainline/commitment_validation_v1/runs/confirmation/resource_gpu_h/H8P16/repeated_f0.25_1011015.parquet,b29e3bdabb6963538d8a33cbeec0d0c985a71b859b4610acaf49b3b2b23580e1,/home/user/projects/AIDRBench/results/nature_mainline/commitment_validation_v1/inputs/confirmation/resource_gpu_h/1011015/H8P16/hourly_seed_1011015,df944c6378390ddae311cd9aec801084c15fa8b81039acdb5adcf5afb7ab0759
confirmation,resource_gpu_h,1011016,H8P16,0.25,repeated,1.4745607965612355,193.4389798490304,9,True,True,True,0.0,0.0,False,False,False,False,False,False,True,True,0,0.0,32.0,47.185945489959536,46.13293686854513,1.0530086214144063,-4.547473508864641e-13,9012.61678135622,137.03852124593783,0.0,0.0,173.13425200644406,2,2,6,/home/user/projects/AIDRBench/results/nature_mainline/commitment_validation_v1/runs/confirmation/resource_gpu_h/H8P16/repeated_f0.25_1011016.parquet,dfbaa5edd71071578624a2709cb645eaf4c0eb383a6cc77113a17b7edbfe5249,/home/user/projects/AIDRBench/results/nature_mainline/commitment_validation_v1/inputs/confirmation/resource_gpu_h/1011016/H8P16/hourly_seed_1011016,dc15b320e6b5d173104813a190a08d260d0ba6133a91efc2320de20b3c0652cf
confirmation,resource_gpu_h,1011017,H8P16,0.25,repeated,1.4745607965612355,193.4389798490304,5,True,True,True,0.0,0.0,False,False,False,False,False,False,True,True,0,0.0,32.0,47.185945489959536,46.53248288388045,0.6534626060790885,1.0231815394945443e-12,7388.535949160882,139.3203788155298,0.0,0.0,147.21796809817246,1,1,1,/home/user/projects/AIDRBench/results/nature_mainline/commitment_validation_v1/runs/confirmation/resource_gpu_h/H8P16/repeated_f0.25_1011017.parquet,4d85f06bcacdf17e3f4ff6d93f0c3c28b82b52e721065335cc03e1dfa9a98f85,/home/user/projects/AIDRBench/results/nature_mainline/commitment_validation_v1/inputs/confirmation/resource_gpu_h/1011017/H8P16/hourly_seed_1011017,8c76f681d90f287d5dc5bab26a03351eebe848ca86446f6fc01e3ad86417f53a
confirmation,resource_gpu_h,1011018,H8P16,0.25,repeated,1.4745607965612355,193.4389798490304,0,True,True,True,0.0,0.0,False,False,False,False,False,False,True,True,0,0.0,32.0,47.185945489959536,46.41564212618846,0.7703033637710774,1.1368683772161603e-13,8545.665479049734,139.2127198479921,0.0,0.0,151.40643034680144,4,4,2,/home/user/projects/AIDRBench/results/nature_mainline/commitment_validation_v1/runs/confirmation/resource_gpu_h/H8P16/repeated_f0.25_1011018.parquet,a29b9742cd9f7b401cc6c2558e28122e311abdec37781c8f83b75314bba04ecc,/home/user/projects/AIDRBench/results/nature_mainline/commitment_validation_v1/inputs/confirmation/resource_gpu_h/1011018/H8P16/hourly_seed_1011018,2fcce8ecc487309bc62899af7f753fc15b288c2d175db3c1560870a75f547faa
confirmation,resource_gpu_h,1011019,H8P16,0.25,repeated,1.4745607965612355,193.4389798490304,10,True,True,True,0.0,0.0,False,False,False,False,False,False,True,True,0,0.0,32.0,47.185945489959536,46.21320062566079,0.9727448642987468,5.115907697472721e-13,9166.36511952302,140.7293206040951,0.0,0.0,171.4243901289331,1,1,0,/home/user/projects/AIDRBench/results/nature_mainline/commitment_validation_v1/runs/confirmation/resource_gpu_h/H8P16/repeated_f0.25_1011019.parquet,ce0d0c059a87a877f45d9dced7cc25172cbf6433de00a56815028499d1b4c3e3,/home/user/projects/AIDRBench/results/nature_mainline/commitment_validation_v1/inputs/confirmation/resource_gpu_h/1011019/H8P16/hourly_seed_1011019,4980753b620c44f1edbac56b4f64e0f234fa5a40f79abdcbe39d88ed7db08429
confirmation,resource_gpu_h,1011020,H8P16,0.25,repeated,1.4745607965612355,193.4389798490304,2,True,True,True,0.0,0.0,False,False,False,False,False,False,True,True,0,0.0,32.0,47.185945489959536,46.374555749899855,0.8113897400596812,1.7053025658242404e-13,8248.598314375326,139.49625909037587,0.0,0.0,146.45285105379529,0,0,2,/home/user/projects/AIDRBench/results/nature_mainline/commitment_validation_v1/runs/confirmation/resource_gpu_h/H8P16/repeated_f0.25_1011020.parquet,b81e5b966b46af6c82b2a2d39d540927d743dbd0b4044fea817faa2e2e582017,/home/user/projects/AIDRBench/results/nature_mainline/commitment_validation_v1/inputs/confirmation/resource_gpu_h/1011020/H8P16/hourly_seed_1011020,d5314b64dc902a4a3c27cb2ffdf64bfe5353f72d732bb2bd49549fa7d20485a6
confirmation,resource_gpu_h,1011021,H8P16,0.25,repeated,1.4745607965612355,193.4389798490304,2,True,True,True,0.0,0.0,False,False,False,False,False,False,True,True,0,0.0,32.0,47.185945489959536,46.397235891766,0.7887095981935346,4.6032738509893534e-07,7700.1671438152325,139.82884610458814,0.0,0.0,146.62553281498742,1,1,5,/home/user/projects/AIDRBench/results/nature_mainline/commitment_validation_v1/runs/confirmation/resource_gpu_h/H8P16/repeated_f0.25_1011021.parquet,bea5954a3bd4e9e13fc4cb6be697f99e9ad7da9baad4fc1ff4e349530060dce7,/home/user/projects/AIDRBench/results/nature_mainline/commitment_validation_v1/inputs/confirmation/resource_gpu_h/1011021/H8P16/hourly_seed_1011021,e65ff5c7cdbb738db81783ca3af55f1126300ac305cd2a37b8e01fad1ad04008
confirmation,resource_gpu_h,1011022,H8P16,0.25,repeated,1.4745607965612355,193.4389798490304,16,True,True,True,0.0,0.0,False,False,False,False,False,False,True,True,0,0.0,32.0,47.185945489959536,46.30858440413036,0.8773610858291789,5.684341886080802e-14,8730.294301909496,138.2602713446629,0.0,0.0,157.38443463070465,6,6,1,/home/user/projects/AIDRBench/results/nature_mainline/commitment_validation_v1/runs/confirmation/resource_gpu_h/H8P16/repeated_f0.25_1011022.parquet,64f81dfc75eeca1e1f78324a127b9a73a0b4b2c99405c9831cbaa273693abca8,/home/user/projects/AIDRBench/results/nature_mainline/commitment_validation_v1/inputs/confirmation/resource_gpu_h/1011022/H8P16/hourly_seed_1011022,d2d80fab612d0614c4f7b1e241de640a7b2c6e682ee77cea81bbebf5fbb5756d
confirmation,resource_gpu_h,1011023,H8P16,0.25,repeated,1.4745607965612355,193.4389798490304,8,True,True,True,0.0,0.0,False,False,False,False,False,False,True,True,0,0.0,32.0,47.185945489959536,46.0126588262288,1.1732866637307353,2.8421709430404007e-13,8709.494005007498,137.02098278881238,0.0,0.0,167.97171583474088,6,6,7,/home/user/projects/AIDRBench/results/nature_mainline/commitment_validation_v1/runs/confirmation/resource_gpu_h/H8P16/repeated_f0.25_1011023.parquet,13c93a853accaee52ae6eb4b33025dfc32c96a2cd2fb1dbaf0914017dab59abf,/home/user/projects/AIDRBench/results/nature_mainline/commitment_validation_v1/inputs/confirmation/resource_gpu_h/1011023/H8P16/hourly_seed_1011023,63367a0007f0980a13fbd30a862fe2cbde63a06fea3f58b1586270c51bf71cd9
confirmation,resource_gpu_h,1011024,H8P16,0.25,repeated,1.4745607965612355,193.4389798490304,8,True,True,True,0.0,0.0,False,False,False,False,False,False,True,True,0,0.0,32.0,47.185945489959536,46.151625363403724,1.0343201265558122,-5.684341886080802e-14,9027.160840934499,137.83577239433077,0.0,0.0,168.8294048657905,6,6,4,/home/user/projects/AIDRBench/results/nature_mainline/commitment_validation_v1/runs/confirmation/resource_gpu_h/H8P16/repeated_f0.25_1011024.parquet,0c3536f7e343e0dcaff48b9eb59e6130431747b10371cd8f0df80cef0ab14454,/home/user/projects/AIDRBench/results/nature_mainline/commitment_validation_v1/inputs/confirmation/resource_gpu_h/1011024/H8P16/hourly_seed_1011024,628ded8e5367253e31f78d549fe39126dbcfe112ffd89b8a52a88477297cf621
confirmation,resource_gpu_h,1011025,H8P16,0.25,repeated,1.4745607965612355,193.4389798490304,1,True,True,True,0.0,0.0,False,False,False,False,False,False,True,True,0,0.0,32.0,47.185945489959536,46.39404499497121,0.7919004949883259,1.1880274541908875e-11,8662.918026990144,139.39190128794732,0.0,0.0,152.14653282675766,3,3,4,/home/user/projects/AIDRBench/results/nature_mainline/commitment_validation_v1/runs/confirmation/resource_gpu_h/H8P16/repeated_f0.25_1011025.parquet,5897b6565a87c4f49393994a1bbaee829785d04b58b97608b1009cd75aa76448,/home/user/projects/AIDRBench/results/nature_mainline/commitment_validation_v1/inputs/confirmation/resource_gpu_h/1011025/H8P16/hourly_seed_1011025,890a470c42c3e9039c9127ed6860b9e0badfba97605389080d1b00197baa3ba1
confirmation,resource_gpu_h,1011026,H8P16,0.25,repeated,1.4745607965612355,193.4389798490304,22,True,True,True,0.0,0.0,False,False,False,False,False,False,True,True,0,0.0,32.0,47.185945489959536,46.227109318986294,0.9588361709732425,1.961789166671224e-07,8305.58134252425,137.7903332769158,0.0,0.0,156.0513200746041,3,3,6,/home/user/projects/AIDRBench/results/nature_mainline/commitment_validation_v1/runs/confirmation/resource_gpu_h/H8P16/repeated_f0.25_1011026.parquet,0f4aa7c996ab55c02a146062c8ea2924b3bc5832f99b08a7fd67e4fcfc52f319,/home/user/projects/AIDRBench/results/nature_mainline/commitment_validation_v1/inputs/confirmation/resource_gpu_h/1011026/H8P16/hourly_seed_1011026,0336f377503b7c3632db9aeedc5c524909976a59b29fb7ef41cbaa14db07cb09
confirmation,resource_gpu_h,1011027,H8P16,0.25,repeated,1.4745607965612355,193.4389798490304,15,True,True,True,0.0,0.0,False,False,False,False,False,False,True,True,0,0.0,32.0,47.185945489959536,46.2190232920762,0.9669221978833349,1.2393292081469554e-07,9217.71891971487,137.96885639549814,0.0,0.0,159.70369678403918,2,2,7,/home/user/projects/AIDRBench/results/nature_mainline/commitment_validation_v1/runs/confirmation/resource_gpu_h/H8P16/repeated_f0.25_1011027.parquet,0ce3a35b20e06baebad72e2da06b8e5674e97832e4763a258e46af7d9b704707,/home/user/projects/AIDRBench/results/nature_mainline/commitment_validation_v1/inputs/confirmation/resource_gpu_h/1011027/H8P16/hourly_seed_1011027,f6c521fba7fd13daa46f4d43778dbefb2e90c2d3c89ae685d43effb46d1d70c0
confirmation,resource_gpu_h,1011028,H8P16,0.25,repeated,1.4745607965612355,193.4389798490304,11,True,True,True,0.0,0.0,False,False,False,False,False,False,True,True,0,0.0,32.0,47.185945489959536,46.2634927645945,0.9224527253650336,7.426217507600086e-08,8502.407888747257,138.04819698702664,0.0,0.0,160.2285011422336,1,1,3,/home/user/projects/AIDRBench/results/nature_mainline/commitment_validation_v1/runs/confirmation/resource_gpu_h/H8P16/repeated_f0.25_1011028.parquet,62bad7b632676738c1098c33139082d2bba894b3a0fb034f08ec5810ea9e5dc0,/home/user/projects/AIDRBench/results/nature_mainline/commitment_validation_v1/inputs/confirmation/resource_gpu_h/1011028/H8P16/hourly_seed_1011028,1e1f118aebf62b6c47ca5ccdbc2b9d6c55d9ba70005f484d4c438d2a589a6e3f
confirmation,resource_gpu_h,1011029,H8P16,0.25,repeated,1.4745607965612355,193.4389798490304,23,True,True,True,0.0,0.0,False,False,False,False,False,False,True,True,0,0.0,32.0,47.185945489959536,46.32356681886151,0.8623786710980283,3.3639423691056436e-08,8259.014017266622,138.65652520769925,0.0,0.0,154.85864621195773,6,6,4,/home/user/projects/AIDRBench/results/nature_mainline/commitment_validation_v1/runs/confirmation/resource_gpu_h/H8P16/repeated_f0.25_1011029.parquet,a60239aee1ee7aeee25100a961d7327aee092ac1b75a9ce75ce44722792751f8,/home/user/projects/AIDRBench/results/nature_mainline/commitment_validation_v1/inputs/confirmation/resource_gpu_h/1011029/H8P16/hourly_seed_1011029,df21a9c535e8024fbed7dc1db4b2edd3c864f2b2476ab55ffd5557419ffdce3f
confirmation,resource_gpu_h,1011030,H8P16,0.25,repeated,1.4745607965612355,193.4389798490304,15,True,True,True,0.0,0.0,False,False,False,False,False,False,True,True,0,0.0,32.0,47.185945489959536,46.08829910296626,1.0976463869932758,2.8421709430404007e-13,8795.54042481166,144.91593722598444,0.0,0.0,164.41066958166232,4,4,0,/home/user/projects/AIDRBench/results/nature_mainline/commitment_validation_v1/runs/confirmation/resource_gpu_h/H8P16/repeated_f0.25_1011030.parquet,db334844f225119190465840cb5a5139a19730884f839dfafa626ff186e31422,/home/user/projects/AIDRBench/results/nature_mainline/commitment_validation_v1/inputs/confirmation/resource_gpu_h/1011030/H8P16/hourly_seed_1011030,b2952020ea107bb6d572668d58791bb1f3728f2cec24bd3518e6e3deec94248d
confirmation,resource_gpu_h,1011031,H8P16,0.25,repeated,1.4745607965612355,193.4389798490304,7,True,True,True,0.0,0.0,False,False,False,False,False,False,True,True,0,0.0,32.0,47.185945489959536,46.37297494050006,0.8129705494594788,2.6149555592583624,10062.347109458598,139.08378739821364,0.0,0.0,180.38961707979968,4,4,0,/home/user/projects/AIDRBench/results/nature_mainline/commitment_validation_v1/runs/confirmation/resource_gpu_h/H8P16/repeated_f0.25_1011031.parquet,9abcd5a3144e9d72de9553c18c24c6ba5971bdbf4add26d12329f410e784a988,/home/user/projects/AIDRBench/results/nature_mainline/commitment_validation_v1/inputs/confirmation/resource_gpu_h/1011031/H8P16/hourly_seed_1011031,10c4a3c4b06d4a2955e9dcf6a9cf95fb9b3aa70cdc53c0ca109da516b4e97b78
confirmation,resource_gpu_h,1011032,H8P16,0.25,repeated,1.4745607965612355,193.4389798490304,18,True,True,True,1.9095836023552692e-14,3.0359425912496022e-18,False,False,False,False,False,False,True,True,0,0.0,32.0,47.185945489959536,46.244712271111666,0.94123321884787,2.8421709430404007e-13,8380.603242093775,138.07389703990617,1.9095836023552692e-14,0.0,147.91116079500577,2,2,4,/home/user/projects/AIDRBench/results/nature_mainline/commitment_validation_v1/runs/confirmation/resource_gpu_h/H8P16/repeated_f0.25_1011032.parquet,61460d41784c741e3bfc017d17e10231b62bd7596faa51c37ad1664951ede3ae,/home/user/projects/AIDRBench/results/nature_mainline/commitment_validation_v1/inputs/confirmation/resource_gpu_h/1011032/H8P16/hourly_seed_1011032,b2e8341da2e1337927a1ff73e03319478ab1b1effb61ac0c0556f7b43454ce3d
confirmation,resource_gpu_h,1011033,H8P16,0.25,repeated,1.4745607965612355,193.4389798490304,14,True,True,True,0.0,0.0,False,False,False,False,False,False,True,True,0,0.0,32.0,47.185945489959536,46.160121555695184,1.025823934264352,-2.8421709430404007e-13,8234.75562157312,139.6670995548316,0.0,0.0,149.2370426354159,0,0,5,/home/user/projects/AIDRBench/results/nature_mainline/commitment_validation_v1/runs/confirmation/resource_gpu_h/H8P16/repeated_f0.25_1011033.parquet,75d86e857275538bb68886dfbbd56906a5739c41758c1b0196dfcce54a67a4e9,/home/user/projects/AIDRBench/results/nature_mainline/commitment_validation_v1/inputs/confirmation/resource_gpu_h/1011033/H8P16/hourly_seed_1011033,02e5cc6c92bc0d0a4e53b5e356c71573e96b798ec65dd70cbf2c15fa0b0c6cf8
confirmation,resource_gpu_h,1011034,H8P16,0.25,repeated,1.4745607965612355,193.4389798490304,23,True,True,True,0.0,0.0,False,False,False,False,False,False,True,True,0,0.0,32.0,47.185945489959536,46.282002550558104,0.903942939401432,2.8421709430404007e-13,8189.785346850666,138.0388277957616,0.0,0.0,158.24205548851717,5,5,6,/home/user/projects/AIDRBench/results/nature_mainline/commitment_validation_v1/runs/confirmation/resource_gpu_h/H8P16/repeated_f0.25_1011034.parquet,5d62d2f706b6efe83896266d82053b4c77a6617ed94d16aabc8720b39d76f8eb,/home/user/projects/AIDRBench/results/nature_mainline/commitment_validation_v1/inputs/confirmation/resource_gpu_h/1011034/H8P16/hourly_seed_1011034,a03993618b8029555f32dd6c3091f0adddb5be5bca55e178d5af92069b2288c5
confirmation,resource_gpu_h,1011035,H8P16,0.25,repeated,1.4745607965612355,193.4389798490304,3,True,True,True,0.0,0.0,False,False,False,False,False,False,True,True,0,0.0,32.0,47.185945489959536,46.43034260853668,0.7556028814228597,0.0,8131.345489123871,140.30740954185035,0.0,0.0,146.6044918532915,0,0,4,/home/user/projects/AIDRBench/results/nature_mainline/commitment_validation_v1/runs/confirmation/resource_gpu_h/H8P16/repeated_f0.25_1011035.parquet,a40f7d30486e5b7df6d2a554762e9b243ebca9c688f90a74e81a5166f69df457,/home/user/projects/AIDRBench/results/nature_mainline/commitment_validation_v1/inputs/confirmation/resource_gpu_h/1011035/H8P16/hourly_seed_1011035,fc79115a046d5cb6ae116f839defee3fdb25bc9f1ea14393d0611ad46512b220
confirmation,resource_gpu_h,1011036,H8P16,0.25,repeated,1.4745607965612355,193.4389798490304,7,True,True,True,0.0,0.0,False,False,False,False,False,False,True,True,0,0.0,32.0,47.185945489959536,46.251530658912884,0.9344148310466522,4.547473508864641e-13,8697.117987130869,137.85846200567607,0.0,0.0,171.74144643869107,5,5,7,/home/user/projects/AIDRBench/results/nature_mainline/commitment_validation_v1/runs/confirmation/resource_gpu_h/H8P16/repeated_f0.25_1011036.parquet,627f29d844d6b940bb53523103a278c7bd5f740205f31cda22b31d1832c09e72,/home/user/projects/AIDRBench/results/nature_mainline/commitment_validation_v1/inputs/confirmation/resource_gpu_h/1011036/H8P16/hourly_seed_1011036,384cc565800160c429cb7c9d80079b4e5685345d19ceeb48f5909754012b7ec8
confirmation,resource_gpu_h,1011037,H8P16,0.25,repeated,1.4745607965612355,193.4389798490304,10,True,True,True,0.0,0.0,False,False,False,False,False,False,True,True,0,0.0,32.0,47.185945489959536,46.24462439659416,0.9413210933653744,2.313299773959443e-09,8398.579483337224,137.75663725794342,0.0,0.0,156.4902620813142,1,1,4,/home/user/projects/AIDRBench/results/nature_mainline/commitment_validation_v1/runs/confirmation/resource_gpu_h/H8P16/repeated_f0.25_1011037.parquet,e2ce43498995a00f98a4a55326b1e7100e5571ce10255ee46fd503e6bd283518,/home/user/projects/AIDRBench/results/nature_mainline/commitment_validation_v1/inputs/confirmation/resource_gpu_h/1011037/H8P16/hourly_seed_1011037,6dab46d50ad1be9c04470e4db8698bd1005395f3fade6b35079a662b30bc7c1b
confirmation,resource_gpu_h,1011038,H8P16,0.25,repeated,1.4745607965612355,193.4389798490304,18,True,True,True,0.0,0.0,False,False,False,False,False,False,True,True,0,0.0,32.0,47.185945489959536,46.264570317632916,0.9213751723266199,-2.8421709430404007e-13,8072.570772588943,138.2784535646598,0.0,0.0,143.32338544111462,0,0,4,/home/user/projects/AIDRBench/results/nature_mainline/commitment_validation_v1/runs/confirmation/resource_gpu_h/H8P16/repeated_f0.25_1011038.parquet,95621a6da800fb3db066d41c4c50af3d97460c392cdd87ba264ce3f54b08d10f,/home/user/projects/AIDRBench/results/nature_mainline/commitment_validation_v1/inputs/confirmation/resource_gpu_h/1011038/H8P16/hourly_seed_1011038,b52f7a7f54978a5008abe4242f083e0592fd5124889bde84f47ac4a30b5f6368
confirmation,resource_gpu_h,1011039,H8P16,0.25,repeated,1.4745607965612355,193.4389798490304,10,True,True,True,0.0,0.0,False,False,False,False,False,False,True,True,0,0.0,32.0,47.185945489959536,46.29710488803582,0.888840601923718,5.684341886080802e-14,8317.133779044327,138.37379084255912,0.0,0.0,158.26843109041351,0,0,1,/home/user/projects/AIDRBench/results/nature_mainline/commitment_validation_v1/runs/confirmation/resource_gpu_h/H8P16/repeated_f0.25_1011039.parquet,8a938acda2f2a6b0748f896cb88b625bece8b6633e7526b00394f9437a6c4c72,/home/user/projects/AIDRBench/results/nature_mainline/commitment_validation_v1/inputs/confirmation/resource_gpu_h/1011039/H8P16/hourly_seed_1011039,400221506caad449cc026356269f6a25dd8a1b5e4ec1cf6647af93e054efa7f3
confirmation,resource_gpu_h,1011040,H8P16,0.25,repeated,1.4745607965612355,193.4389798490304,8,True,True,True,4.801714581503802e-15,7.633983550671238e-19,False,False,False,False,False,False,True,True,0,0.0,32.0,47.185945489959536,46.36886861984124,0.8170768701182993,1.014225858853024e-07,9619.371600446311,137.9884020972687,4.801714581503802e-15,0.0,175.38642596478323,2,2,5,/home/user/projects/AIDRBench/results/nature_mainline/commitment_validation_v1/runs/confirmation/resource_gpu_h/H8P16/repeated_f0.25_1011040.parquet,f7257674d81584993e54fb0dcbd809897a02700fb2c6e8189a7d04d30c596a4d,/home/user/projects/AIDRBench/results/nature_mainline/commitment_validation_v1/inputs/confirmation/resource_gpu_h/1011040/H8P16/hourly_seed_1011040,4b44b688841d4643f5d04c7b7f3431c7711fd60a3b8557b7289d63c9eaf7df25
confirmation,resource_gpu_h,1011041,H8P16,0.25,repeated,1.4745607965612355,193.4389798490304,15,True,True,True,0.0,0.0,False,False,False,False,False,False,True,True,0,0.0,32.0,47.185945489959536,46.29998158753892,0.8859639024206132,1.239332618752087e-07,9213.167784651701,137.9688529384287,0.0,0.0,159.5807616677481,1,1,7,/home/user/projects/AIDRBench/results/nature_mainline/commitment_validation_v1/runs/confirmation/resource_gpu_h/H8P16/repeated_f0.25_1011041.parquet,3e40baaf5839eb1e7e0156a156e26fe41de7ca645f6e6868793406ed796fac54,/home/user/projects/AIDRBench/results/nature_mainline/commitment_validation_v1/inputs/confirmation/resource_gpu_h/1011041/H8P16/hourly_seed_1011041,3651cee78a0be535b1060500f366f2d5453b2631cd6086d8983f15cba44d7651
confirmation,resource_gpu_h,1011042,H8P16,0.25,repeated,1.4745607965612355,193.4389798490304,15,True,True,True,0.0,0.0,False,False,False,False,False,False,True,True,0,0.0,32.0,47.185945489959536,46.170612947876464,1.0153325420830726,2.8421709430404007e-13,8645.803524847612,137.44461152743185,0.0,0.0,162.1254381246075,1,1,4,/home/user/projects/AIDRBench/results/nature_mainline/commitment_validation_v1/runs/confirmation/resource_gpu_h/H8P16/repeated_f0.25_1011042.parquet,b017e1f4f8d7f8cca9ccacbd3dd6c69682a71ec99ab86e75a452fded93fc00ae,/home/user/projects/AIDRBench/results/nature_mainline/commitment_validation_v1/inputs/confirmation/resource_gpu_h/1011042/H8P16/hourly_seed_1011042,4251cef07a53383be174b5a40d5d4f1c9369d8ad3e938189bd96a1941cd75b0e
confirmation,resource_gpu_h,1011043,H8P16,0.25,repeated,1.4745607965612355,193.4389798490304,4,True,True,True,0.0,0.0,False,False,False,False,False,False,True,True,0,0.0,32.0,47.185945489959536,46.33564059490192,0.8503048950576186,-5.684341886080801e-13,8059.282902330801,139.5999033011014,0.0,0.0,141.58336138399557,1,1,2,/home/user/projects/AIDRBench/results/nature_mainline/commitment_validation_v1/runs/confirmation/resource_gpu_h/H8P16/repeated_f0.25_1011043.parquet,2830282b127e4c70e2049a4f911d2b32b7fe1b99d4f4226f949b2903456c955c,/home/user/projects/AIDRBench/results/nature_mainline/commitment_validation_v1/inputs/confirmation/resource_gpu_h/1011043/H8P16/hourly_seed_1011043,406ca8f57abfda3d3f7b8c15df722c4c15b4dff4ac918d804de24bec1791e13a
confirmation,resource_gpu_h,1011044,H8P16,0.25,repeated,1.4745607965612355,193.4389798490304,18,True,True,True,0.0,0.0,False,False,False,False,False,False,True,True,0,0.0,32.0,47.185945489959536,46.24679588646157,0.9391496034979667,3.979039320256561e-13,8289.84281170438,138.43802843095463,0.0,0.0,147.83629195848033,0,0,4,/home/user/projects/AIDRBench/results/nature_mainline/commitment_validation_v1/runs/confirmation/resource_gpu_h/H8P16/repeated_f0.25_1011044.parquet,abedeac739021cab51e6576ffce14da04f606a70e17de6a1a4be3e97e449b1b8,/home/user/projects/AIDRBench/results/nature_mainline/commitment_validation_v1/inputs/confirmation/resource_gpu_h/1011044/H8P16/hourly_seed_1011044,87bfece2480a5be09d9bead6252a48cb8e05b933535ce41cfb3394952f6ab06b
confirmation,resource_gpu_h,1011045,H8P16,0.25,repeated,1.4745607965612355,193.4389798490304,1,True,True,True,0.0,0.0,False,False,False,False,False,False,True,True,0,0.0,32.0,47.185945489959536,46.40577562791694,0.7801698620425981,1.2391865311656147e-11,8494.65172869608,139.10134497634,0.0,0.0,151.61313986096408,1,1,4,/home/user/projects/AIDRBench/results/nature_mainline/commitment_validation_v1/runs/confirmation/resource_gpu_h/H8P16/repeated_f0.25_1011045.parquet,5c019029bbbd2eb76a491fee09c9b5c9ae472b7f926c93ac3cc1a81c77da05f1,/home/user/projects/AIDRBench/results/nature_mainline/commitment_validation_v1/inputs/confirmation/resource_gpu_h/1011045/H8P16/hourly_seed_1011045,f3d7c56ff4816f21b1b3a4e6dfb4921a46df001d69ae9ab6dc1b0889ba05ae20
confirmation,resource_gpu_h,1011046,H8P16,0.25,repeated,1.4745607965612355,193.4389798490304,5,True,True,True,9.992007221626409e-16,1.588574611700373e-19,False,False,False,False,False,False,True,True,0,0.0,32.0,47.185945489959536,46.25667310580931,0.9292723841502237,4.635201662495092e-07,7546.893021649125,139.35574393307675,9.992007221626409e-16,0.0,142.77093659202126,1,1,6,/home/user/projects/AIDRBench/results/nature_mainline/commitment_validation_v1/runs/confirmation/resource_gpu_h/H8P16/repeated_f0.25_1011046.parquet,8563d5394966f6d226a4d5d9c6b90458b9740fe522ab802e1765c92d8f6e02c2,/home/user/projects/AIDRBench/results/nature_mainline/commitment_validation_v1/inputs/confirmation/resource_gpu_h/1011046/H8P16/hourly_seed_1011046,004c249c6012322c94be79aedf35d85fc3e2b3153c39fb37c2abfb025c9f4e89
confirmation,resource_gpu_h,1011047,H8P16,0.25,repeated,1.4745607965612355,193.4389798490304,14,True,True,True,0.0,0.0,False,False,False,False,False,False,True,True,0,0.0,32.0,47.185945489959536,46.10426684774734,1.0816786422121965,5.540579195439932e-08,8503.936097156042,143.82708586072954,0.0,0.0,157.1710623793891,2,2,0,/home/user/projects/AIDRBench/results/nature_mainline/commitment_validation_v1/runs/confirmation/resource_gpu_h/H8P16/repeated_f0.25_1011047.parquet,ec325f0f1b6809a904ea491a9e3e2a76fe6b3e14e8feb4971c3ba22067878901,/home/user/projects/AIDRBench/results/nature_mainline/commitment_validation_v1/inputs/confirmation/resource_gpu_h/1011047/H8P16/hourly_seed_1011047,2cce335844f31fc635b9b212ab447ce0397a64eff57c36ce59798b48a2c138ac
confirmation,resource_gpu_h,1011048,H8P16,0.25,repeated,1.4745607965612355,193.4389798490304,0,True,True,True,5.551115123125783e-16,8.82541450944652e-20,False,False,False,False,False,False,True,True,0,0.0,32.0,47.185945489959536,46.60224045518402,0.5837050347755195,8.880044788384112e-08,7701.603950701979,139.56413912571298,5.551115123125783e-16,0.0,148.74528336707743,1,1,6,/home/user/projects/AIDRBench/results/nature_mainline/commitment_validation_v1/runs/confirmation/resource_gpu_h/H8P16/repeated_f0.25_1011048.parquet,89fe304d4f1d6c3bba1251f5c017605f8db66b6b601d143dec5e0cb10837ed42,/home/user/projects/AIDRBench/results/nature_mainline/commitment_validation_v1/inputs/confirmation/resource_gpu_h/1011048/H8P16/hourly_seed_1011048,d9f9c52ff5f367708461662e68e28af0d5f8db68032bda66e7bd70259062bea9
confirmation,resource_gpu_h,1011049,H8P16,0.25,repeated,1.4745607965612355,193.4389798490304,21,True,True,True,0.0,0.0,False,False,False,False,False,False,True,True,0,0.0,32.0,47.185945489959536,46.45725336726332,0.7286921226962164,-1.1368683772161603e-13,7987.066358969538,139.65182163900528,0.0,0.0,146.02168095406176,1,1,3,/home/user/projects/AIDRBench/results/nature_mainline/commitment_validation_v1/runs/confirmation/resource_gpu_h/H8P16/repeated_f0.25_1011049.parquet,b7051dce6034eac8b020a8384d49ab621b2253435adeb6c28e5f82efa795d789,/home/user/projects/AIDRBench/results/nature_mainline/commitment_validation_v1/inputs/confirmation/resource_gpu_h/1011049/H8P16/hourly_seed_1011049,6129a78c0e6ee6eb50be8d72ba805f077073f68290e498329d486989fcb68e95
confirmation,resource_gpu_h,1011050,H8P16,0.25,repeated,1.4745607965612355,193.4389798490304,10,True,True,True,0.0,0.0,False,False,False,False,False,False,True,True,0,0.0,32.0,47.185945489959536,46.09900171891195,1.0869437710475864,-2.2737367544323206e-13,8552.766705787637,137.070018794339,0.0,0.0,165.87775171214705,4,4,7,/home/user/projects/AIDRBench/results/nature_mainline/commitment_validation_v1/runs/confirmation/resource_gpu_h/H8P16/repeated_f0.25_1011050.parquet,a4e8833ae7c72ba4d6565bce13144e3b2de74c036e43f37493eeb2f02be0a500,/home/user/projects/AIDRBench/results/nature_mainline/commitment_validation_v1/inputs/confirmation/resource_gpu_h/1011050/H8P16/hourly_seed_1011050,a8495600b104784f6bced7c159010baab58ff460b5180fd545905db40da50adf
confirmation,resource_gpu_h,1011051,H8P16,0.25,repeated,1.4745607965612355,193.4389798490304,22,True,True,True,0.0,0.0,False,False,False,False,False,False,True,True,0,0.0,32.0,47.185945489959536,46.35184834878561,0.8340971411739275,2.8421709430404007e-13,8235.728019600698,139.1862552033815,0.0,0.0,148.40300772879098,1,1,4,/home/user/projects/AIDRBench/results/nature_mainline/commitment_validation_v1/runs/confirmation/resource_gpu_h/H8P16/repeated_f0.25_1011051.parquet,a925ae75408d532cf5a16cb968b05c9b902556b415c6c761fde195c5b341ccc1,/home/user/projects/AIDRBench/results/nature_mainline/commitment_validation_v1/inputs/confirmation/resource_gpu_h/1011051/H8P16/hourly_seed_1011051,2efa8f3f5a3a2146e96f405575b4554aad3f9849c347c4d4df9096d71cab35c6
confirmation,resource_gpu_h,1011052,H8P16,0.25,repeated,1.4745607965612355,193.4389798490304,22,True,True,True,0.0,0.0,False,False,False,False,False,False,True,True,0,0.0,32.0,47.185945489959536,46.46363182431586,0.722313665643675,6.398636287485715e-08,8000.114169419574,142.87293744254353,0.0,0.0,144.70225599854206,1,1,2,/home/user/projects/AIDRBench/results/nature_mainline/commitment_validation_v1/runs/confirmation/resource_gpu_h/H8P16/repeated_f0.25_1011052.parquet,5c16e49173c6f5df31d5b362534abf247ee2c671437b36016177159a0a694272,/home/user/projects/AIDRBench/results/nature_mainline/commitment_validation_v1/inputs/confirmation/resource_gpu_h/1011052/H8P16/hourly_seed_1011052,b6d2fe8774f0948052ce6da9f21cf5220fcff0eb62d7e603c0ac3b75343fc1c3
confirmation,resource_gpu_h,1011053,H8P16,0.25,repeated,1.4745607965612355,193.4389798490304,6,True,True,True,1.2212453270876722e-15,1.941591192078234e-19,False,False,False,False,False,False,True,True,0,0.0,32.0,47.185945489959536,46.24844094213063,0.9375045478289081,4.635203367797658e-07,8037.794834355031,138.36289409642035,1.2212453270876722e-15,0.0,155.2349353269723,4,4,6,/home/user/projects/AIDRBench/results/nature_mainline/commitment_validation_v1/runs/confirmation/resource_gpu_h/H8P16/repeated_f0.25_1011053.parquet,3c79add8b3587aae037069c9f8df00086547f107783caa135ffbf6612377850b,/home/user/projects/AIDRBench/results/nature_mainline/commitment_validation_v1/inputs/confirmation/resource_gpu_h/1011053/H8P16/hourly_seed_1011053,f3680796b5543b34131d5aaa4707ae061f02414d6740e52645f3abde63e87279
confirmation,resource_gpu_h,1011054,H8P16,0.25,repeated,1.4745607965612355,193.4389798490304,1,True,True,True,0.0,0.0,False,False,False,False,False,False,True,True,0,0.0,32.0,47.185945489959536,46.54502508546412,0.640920404495418,3.0769234626859543e-07,8043.847549599432,140.37266728648606,0.0,0.0,159.60015644871277,4,4,6,/home/user/projects/AIDRBench/results/nature_mainline/commitment_validation_v1/runs/confirmation/resource_gpu_h/H8P16/repeated_f0.25_1011054.parquet,30f65506cbbc9400a0c4663f37f280be74b137898bc5b9734aac246ea80a987a,/home/user/projects/AIDRBench/results/nature_mainline/commitment_validation_v1/inputs/confirmation/resource_gpu_h/1011054/H8P16/hourly_seed_1011054,9f85399cf58b3b5449022391219cd89df8450dc81c7faaf56e9c3ef62e3a369d
confirmation,resource_gpu_h,1011055,H8P16,0.25,repeated,1.4745607965612355,193.4389798490304,16,True,True,True,0.0,0.0,False,False,False,False,False,False,True,True,0,0.0,32.0,47.185945489959536,46.062843782771154,1.1231017071883826,5.684341886080801e-13,9423.612505207615,141.0079693052143,0.0,0.0,162.86875373955374,4,4,5,/home/user/projects/AIDRBench/results/nature_mainline/commitment_validation_v1/runs/confirmation/resource_gpu_h/H8P16/repeated_f0.25_1011055.parquet,a30984aaf361abbe4749418149912358cb7997e7ae0535c8de4a693312f1a966,/home/user/projects/AIDRBench/results/nature_mainline/commitment_validation_v1/inputs/confirmation/resource_gpu_h/1011055/H8P16/hourly_seed_1011055,393fe1d3200cbe6d6a1d9255ddc70145e33bd71bb0744f97ea52a5884212ba5b
confirmation,resource_gpu_h,1011056,H8P16,0.25,repeated,1.4745607965612355,193.4389798490304,19,True,True,True,2.9531932455029164e-14,4.6951205190255476e-18,False,False,False,False,False,False,True,True,0,0.0,32.0,47.185945489959536,46.250443323509245,0.9355021664502914,1.88455771876761e-07,8371.044406542767,138.0901299575741,2.9531932455029164e-14,0.0,147.103009511619,0,0,4,/home/user/projects/AIDRBench/results/nature_mainline/commitment_validation_v1/runs/confirmation/resource_gpu_h/H8P16/repeated_f0.25_1011056.parquet,f3502d1ba3d57e9ab58ccc94fc2ea550f9669b22fff9c2fbd54eee1921bb467e,/home/user/projects/AIDRBench/results/nature_mainline/commitment_validation_v1/inputs/confirmation/resource_gpu_h/1011056/H8P16/hourly_seed_1011056,80610ddf278821f24b9e4d0466ec634ad168d873fdb5e4f349cea0fb187c2ead
confirmation,resource_gpu_h,1011057,H8P16,0.25,repeated,1.4745607965612355,193.4389798490304,14,True,True,True,0.0,0.0,False,False,False,False,False,False,True,True,0,0.0,32.0,47.185945489959536,46.03616951195025,1.1497759780092878,5.540590564123704e-08,8087.113324831958,143.6988389573101,0.0,0.0,150.6801241927436,1,1,0,/home/user/projects/AIDRBench/results/nature_mainline/commitment_validation_v1/runs/confirmation/resource_gpu_h/H8P16/repeated_f0.25_1011057.parquet,4b01914297fae19baccf056e3df405d7c1a797123de14de23efdbc18efb593ad,/home/user/projects/AIDRBench/results/nature_mainline/commitment_validation_v1/inputs/confirmation/resource_gpu_h/1011057/H8P16/hourly_seed_1011057,72ce22971c445966213e330fbd61b0bc52dccf79ec400da23885366ad9da0b0e
confirmation,resource_gpu_h,1011058,H8P16,0.25,repeated,1.4745607965612355,193.4389798490304,16,True,True,True,0.0,0.0,False,False,False,False,False,False,True,True,0,0.0,32.0,47.185945489959536,46.08175856440167,1.104186925557869,5.3032579216960585e-08,8629.504673803112,137.71099890549985,0.0,0.0,157.50249631436725,1,1,4,/home/user/projects/AIDRBench/results/nature_mainline/commitment_validation_v1/runs/confirmation/resource_gpu_h/H8P16/repeated_f0.25_1011058.parquet,03925bc969928a10b5f2c638b9e80aeeec4f8026a03d1a2c1827ac556713f30d,/home/user/projects/AIDRBench/results/nature_mainline/commitment_validation_v1/inputs/confirmation/resource_gpu_h/1011058/H8P16/hourly_seed_1011058,39c830a49f8cca740a80543a01d2516653cc184094af73c465b065b62e0e0017
confirmation,resource_gpu_h,1011059,H8P16,0.25,repeated,1.4745607965612355,193.4389798490304,12,True,True,True,0.0,0.0,False,False,False,False,False,False,True,True,0,0.0,32.0,47.185945489959536,46.143520393573766,1.0424250963857702,5.684341886080801e-13,7913.194269167403,137.1582797669672,0.0,0.0,151.22431375513327,0,0,7,/home/user/projects/AIDRBench/results/nature_mainline/commitment_validation_v1/runs/confirmation/resource_gpu_h/H8P16/repeated_f0.25_1011059.parquet,52afe1fcaac297811bfc74ab54eaf4dd08948b25807320332810bb1cfc546de2,/home/user/projects/AIDRBench/results/nature_mainline/commitment_validation_v1/inputs/confirmation/resource_gpu_h/1011059/H8P16/hourly_seed_1011059,d01a38cfe6cb50d9fd99ff8b094dd336df5f3200921777e9949b748312247da1
confirmation,resource_gpu_h,1011060,H8P16,0.25,repeated,1.4745607965612355,193.4389798490304,1,True,True,True,0.0,0.0,False,False,False,False,False,False,True,True,0,0.0,32.0,47.185945489959536,46.26463270749662,0.9213127824629197,3.1876987804935197e-07,8086.152341431193,139.74901558264838,0.0,0.0,156.62627069285583,4,4,0,/home/user/projects/AIDRBench/results/nature_mainline/commitment_validation_v1/runs/confirmation/resource_gpu_h/H8P16/repeated_f0.25_1011060.parquet,3734087929ec893cea468a984d385bb71652d132bc47dcfa3eba9cbe8116c0a8,/home/user/projects/AIDRBench/results/nature_mainline/commitment_validation_v1/inputs/confirmation/resource_gpu_h/1011060/H8P16/hourly_seed_1011060,9218325fb2d6a0ab406ad964fd6b82f4c6fa425173ced3c547a048d7c5afd5be
confirmation,resource_gpu_h,1011061,H8P16,0.25,repeated,1.4745607965612355,193.4389798490304,20,True,True,True,0.0,0.0,False,False,False,False,False,False,True,True,0,0.0,32.0,47.185945489959536,46.37253912384443,0.8134063661151032,2.0480888451857027e-07,8445.335735541476,140.97081388749004,0.0,0.0,153.42937682904463,0,0,7,/home/user/projects/AIDRBench/results/nature_mainline/commitment_validation_v1/runs/confirmation/resource_gpu_h/H8P16/repeated_f0.25_1011061.parquet,cdd23a9a19c3b5eaf4bfbbab35706a37871c7a86d91075588468a3435fd11cac,/home/user/projects/AIDRBench/results/nature_mainline/commitment_validation_v1/inputs/confirmation/resource_gpu_h/1011061/H8P16/hourly_seed_1011061,5d473827815777e627ee706b65fde8f2e72c4d7071c1f97fcfb8015ab7375ee6
confirmation,resource_gpu_h,1011062,H8P16,0.25,repeated,1.4745607965612355,193.4389798490304,10,True,True,True,0.0,0.0,False,False,False,False,False,False,True,True,0,0.0,32.0,47.185945489959536,46.154332615053164,1.0316128749063722,3.979039320256561e-13,8852.948750740408,138.02068486986525,0.0,0.0,167.1068620851899,2,2,3,/home/user/projects/AIDRBench/results/nature_mainline/commitment_validation_v1/runs/confirmation/resource_gpu_h/H8P16/repeated_f0.25_1011062.parquet,8bb30c6c9204844ac01eadb24f16776ae116a8858dea0b6c70232f9c772485e3,/home/user/projects/AIDRBench/results/nature_mainline/commitment_validation_v1/inputs/confirmation/resource_gpu_h/1011062/H8P16/hourly_seed_1011062,1aa38b13dc178c949843d6b1eb7b1eb548b2fefcbba68edfa4a25d12f1c94cd6
confirmation,resource_gpu_h,1011063,H8P16,0.25,repeated,1.4745607965612355,193.4389798490304,8,True,True,True,0.0,0.0,False,False,False,False,False,False,True,True,0,0.0,32.0,47.185945489959536,46.08342914459044,1.1025163453690965,4.635199957192526e-07,9215.0989064409,137.7652356421898,0.0,0.0,173.21813800791782,5,5,6,/home/user/projects/AIDRBench/results/nature_mainline/commitment_validation_v1/runs/confirmation/resource_gpu_h/H8P16/repeated_f0.25_1011063.parquet,cf96a50fe27af39ad7c0e5ea9aa57e4c8739d6faef9e679776c54a8352d4983b,/home/user/projects/AIDRBench/results/nature_mainline/commitment_validation_v1/inputs/confirmation/resource_gpu_h/1011063/H8P16/hourly_seed_1011063,38df5417f8d1a4104006ff6fbc407531d1ecb4235d25a71df26e9c0a50b5e2dd
confirmation,resource_gpu_h,1011064,H8P16,0.25,repeated,1.4745607965612355,193.4389798490304,15,True,True,True,7.216449660063518e-16,1.147303886228047e-19,False,False,False,False,False,False,True,True,0,0.0,32.0,47.185945489959536,46.11547596603381,1.0704695239257234,-2.2737367544323206e-13,8433.970382425505,136.38948562525013,7.216449660063518e-16,0.0,155.50929496148967,3,3,2,/home/user/projects/AIDRBench/results/nature_mainline/commitment_validation_v1/runs/confirmation/resource_gpu_h/H8P16/repeated_f0.25_1011064.parquet,4b8e89cecaaf46d89fe80ccd20c5b437c232f6ac0e96ccefb4488667c2c12863,/home/user/projects/AIDRBench/results/nature_mainline/commitment_validation_v1/inputs/confirmation/resource_gpu_h/1011064/H8P16/hourly_seed_1011064,5c9ae33e94f60a235c17f860b1543eb53cbd60714c98d4390e969842651af9aa
confirmation,resource_gpu_h,1011065,H8P16,0.25,repeated,1.4745607965612355,193.4389798490304,0,True,True,True,0.0,0.0,False,False,False,False,False,False,True,True,0,0.0,32.0,47.185945489959536,46.21684881372104,0.9690966762384932,1.7053025658242404e-13,8782.208207782105,138.7913230513371,0.0,0.0,155.20347290076228,2,2,1,/home/user/projects/AIDRBench/results/nature_mainline/commitment_validation_v1/runs/confirmation/resource_gpu_h/H8P16/repeated_f0.25_1011065.parquet,5fa52e11231c2e7c7df21ce30ab5176b75b224fc17804f618a1371457007a440,/home/user/projects/AIDRBench/results/nature_mainline/commitment_validation_v1/inputs/confirmation/resource_gpu_h/1011065/H8P16/hourly_seed_1011065,e3e1338907a2a9f583577772de01da55dd55aef46101eaf07ecc690c9fea68e2
confirmation,resource_gpu_h,1011066,H8P16,0.25,repeated,1.4745607965612355,193.4389798490304,14,True,True,True,0.0,0.0,False,False,False,False,False,False,True,True,0,0.0,32.0,47.185945489959536,46.184333176328806,1.00161231363073,-6.821210263296962e-13,8378.610316952854,139.61191435604766,0.0,0.0,152.088639169668,1,1,5,/home/user/projects/AIDRBench/results/nature_mainline/commitment_validation_v1/runs/confirmation/resource_gpu_h/H8P16/repeated_f0.25_1011066.parquet,e1e0d84ce1082b0f804e022d6c9c41883d231d53b20fa1278769425beae4a190,/home/user/projects/AIDRBench/results/nature_mainline/commitment_validation_v1/inputs/confirmation/resource_gpu_h/1011066/H8P16/hourly_seed_1011066,4a864dffacf6834886ed5d5a1008d1103f71c0192e7db1328656980bef361ea1
confirmation,resource_gpu_h,1011067,H8P16,0.25,repeated,1.4745607965612355,193.4389798490304,12,True,True,True,0.0,0.0,False,False,False,False,False,False,True,True,0,0.0,32.0,47.185945489959536,46.170455942667104,1.0154895472924323,5.695505933545064e-08,8570.300086515994,138.66597975105321,0.0,0.0,163.2812793782344,1,1,1,/home/user/projects/AIDRBench/results/nature_mainline/commitment_validation_v1/runs/confirmation/resource_gpu_h/H8P16/repeated_f0.25_1011067.parquet,62568a439b5246f92eda48aeac086f0524d1051a4c3433e26d9713037294bf5b,/home/user/projects/AIDRBench/results/nature_mainline/commitment_validation_v1/inputs/confirmation/resource_gpu_h/1011067/H8P16/hourly_seed_1011067,19178c2bebac7d3c994febb74844f20ac9a11f3639803c70971586c6a8899ae9
confirmation,resource_gpu_h,1011068,H8P16,0.25,repeated,1.4745607965612355,193.4389798490304,6,True,True,True,7.216449660063518e-16,1.1473038862280474e-19,False,False,False,False,False,False,True,True,0,0.0,32.0,47.185945489959536,46.337061041843754,0.8488844481157827,4.635201662495092e-07,7724.776807645859,138.12377897743994,7.216449660063518e-16,0.0,151.67414554201645,3,3,6,/home/user/projects/AIDRBench/results/nature_mainline/commitment_validation_v1/runs/confirmation/resource_gpu_h/H8P16/repeated_f0.25_1011068.parquet,6fcebb3e861df32f12b8ca963df205630a2ed66a0f14362462d1cb4b5ca936a9,/home/user/projects/AIDRBench/results/nature_mainline/commitment_validation_v1/inputs/confirmation/resource_gpu_h/1011068/H8P16/hourly_seed_1011068,928969b497790a6b76dbf06f2ae370babdff3613cf0bcacc4513c72192c2ad95
confirmation,resource_gpu_h,1011069,H8P16,0.25,repeated,1.4745607965612355,193.4389798490304,10,True,True,True,0.0,0.0,False,False,False,False,False,False,True,True,0,0.0,32.0,47.185945489959536,46.35450551897583,0.831439970983709,-6.252776074688882e-13,8652.458985871186,138.03630909500492,0.0,0.0,161.7347596746384,0,0,3,/home/user/projects/AIDRBench/results/nature_mainline/commitment_validation_v1/runs/confirmation/resource_gpu_h/H8P16/repeated_f0.25_1011069.parquet,49fb6620628389bd0b3d3854e84e20822f0849b962337edaab0a48fc4278fe6f,/home/user/projects/AIDRBench/results/nature_mainline/commitment_validation_v1/inputs/confirmation/resource_gpu_h/1011069/H8P16/hourly_seed_1011069,ccb402145113850d596c0b2f92fb95f4c29446f44bead715d0e400ccd13c55ad
confirmation,resource_gpu_h,1011070,H8P16,0.25,repeated,1.4745607965612355,193.4389798490304,20,True,True,True,0.0,0.0,False,False,False,False,False,False,True,True,0,0.0,32.0,47.185945489959536,46.181532506196135,1.0044129837634017,-1.7053025658242404e-13,8070.840533468978,138.8188602461818,0.0,0.0,142.7917302058616,1,1,6,/home/user/projects/AIDRBench/results/nature_mainline/commitment_validation_v1/runs/confirmation/resource_gpu_h/H8P16/repeated_f0.25_1011070.parquet,970fecd25139d3d127075699bc436ed2774d73f4ed8a9f5f836e35656dafe68f,/home/user/projects/AIDRBench/results/nature_mainline/commitment_validation_v1/inputs/confirmation/resource_gpu_h/1011070/H8P16/hourly_seed_1011070,09427d3ff6a7e48ec418a07cf1fc260f5b897d192f2844fc836518771fddb6d9
confirmation,resource_gpu_h,1011071,H8P16,0.25,repeated,1.4745607965612355,193.4389798490304,4,True,True,True,0.0,0.0,False,False,False,False,False,False,True,True,0,0.0,32.0,47.185945489959536,46.375556296230144,0.8103891937293923,-1.1368683772161603e-13,7477.663414110969,139.0201365199588,0.0,0.0,143.56858884478504,1,1,1,/home/user/projects/AIDRBench/results/nature_mainline/commitment_validation_v1/runs/confirmation/resource_gpu_h/H8P16/repeated_f0.25_1011071.parquet,eb2b90cfb8964e038e55f7a275522524899ca94282149359e21818d9136d3efd,/home/user/projects/AIDRBench/results/nature_mainline/commitment_validation_v1/inputs/confirmation/resource_gpu_h/1011071/H8P16/hourly_seed_1011071,0c8436c13978a9d13cc393bf646f38043ad06285642f84298ced0ce072af2768
confirmation,resource_gpu_h,1011072,H8P16,0.25,repeated,1.4745607965612355,193.4389798490304,18,True,True,True,0.0,0.0,False,False,False,False,False,False,True,True,0,0.0,32.0,47.185945489959536,46.51676575253214,0.6691797374273989,7.957152092785691e-08,8582.701358961174,139.51026756360383,0.0,0.0,146.51722973754596,1,1,7,/home/user/projects/AIDRBench/results/nature_mainline/commitment_validation_v1/runs/confirmation/resource_gpu_h/H8P16/repeated_f0.25_1011072.parquet,33bef924e4ed55f365f27514c92eec8e075a04f3e14dc47ace98b46b59463aff,/home/user/projects/AIDRBench/results/nature_mainline/commitment_validation_v1/inputs/confirmation/resource_gpu_h/1011072/H8P16/hourly_seed_1011072,f73094c5c640ce545d2acec483ea36925924c3abff9517e393aab8077e3f5bec
confirmation,resource_gpu_h,1011073,H8P16,0.25,repeated,1.4745607965612355,193.4389798490304,14,True,True,True,1.1102230246251565e-15,1.7650829018893037e-19,False,False,False,False,False,False,True,True,0,0.0,32.0,47.185945489959536,46.34254536412152,0.8434001258380164,1.7053025658242404e-13,7951.556374097531,137.95042345711806,1.1102230246251565e-15,0.0,148.9754902747134,2,2,7,/home/user/projects/AIDRBench/results/nature_mainline/commitment_validation_v1/runs/confirmation/resource_gpu_h/H8P16/repeated_f0.25_1011073.parquet,614317ca66a37336860d5592964e5b263dd33954e48f2e3cee1c10a5a27a069d,/home/user/projects/AIDRBench/results/nature_mainline/commitment_validation_v1/inputs/confirmation/resource_gpu_h/1011073/H8P16/hourly_seed_1011073,5b80c2a056ae6979422bd27d9caebbf76cf460da145abd439c592e3eb39038b2
confirmation,resource_gpu_h,1011074,H8P16,0.25,repeated,1.4745607965612355,193.4389798490304,0,True,True,True,0.0,0.0,False,False,False,False,False,False,True,True,0,0.0,32.0,47.185945489959536,46.37074462504282,0.8152008649167186,-1.1368683772161603e-13,8493.113491997767,139.0619950793535,0.0,0.0,151.2557055781628,6,6,2,/home/user/projects/AIDRBench/results/nature_mainline/commitment_validation_v1/runs/confirmation/resource_gpu_h/H8P16/repeated_f0.25_1011074.parquet,7ec1036f60d961045d9aa2a9c28cdcc4eee91851acf8104c9b71c7e32de05b69,/home/user/projects/AIDRBench/results/nature_mainline/commitment_validation_v1/inputs/confirmation/resource_gpu_h/1011074/H8P16/hourly_seed_1011074,f66a673e71025afdf06da820aa760cc610d0c2f3d4929c4a1a2b978d02de1e56
confirmation,resource_gpu_h,1011075,H8P16,0.25,repeated,1.4745607965612355,193.4389798490304,6,True,True,True,7.771561172376096e-16,1.2355580313225124e-19,False,False,False,False,False,False,True,True,0,0.0,32.0,47.185945489959536,46.218555868843055,0.9673896211164816,4.6352010940609034e-07,8198.87158469311,138.5116967344742,7.771561172376096e-16,0.0,155.65033020817333,4,4,6,/home/user/projects/AIDRBench/results/nature_mainline/commitment_validation_v1/runs/confirmation/resource_gpu_h/H8P16/repeated_f0.25_1011075.parquet,f20d22c31a762236136d15722e011f0ac3ca7e08d342210a376254e8639ef307,/home/user/projects/AIDRBench/results/nature_mainline/commitment_validation_v1/inputs/confirmation/resource_gpu_h/1011075/H8P16/hourly_seed_1011075,e846987f99c587f23f3ab92cb5cad13c1412a76bd503a112c07125c8d45bd944
confirmation,resource_gpu_h,1011076,H8P16,0.25,repeated,1.4745607965612355,193.4389798490304,6,True,True,True,0.0,0.0,False,False,False,False,False,False,True,True,0,0.0,32.0,47.185945489959536,46.20895231190383,0.9769931780557073,3.697843453664973e-07,9360.823224601265,142.2120980927877,0.0,0.0,171.20225610036846,1,1,0,/home/user/projects/AIDRBench/results/nature_mainline/commitment_validation_v1/runs/confirmation/resource_gpu_h/H8P16/repeated_f0.25_1011076.parquet,46b29c4fc23f37ee569519d430a35f97ac4cd279bae9ec417442a478db9c77e5,/home/user/projects/AIDRBench/results/nature_mainline/commitment_validation_v1/inputs/confirmation/resource_gpu_h/1011076/H8P16/hourly_seed_1011076,bb694179349944f0a403a33e1ddfed846380ba8da7dce59d0547a32170338010
confirmation,resource_gpu_h,1011077,H8P16,0.25,repeated,1.4745607965612355,193.4389798490304,11,True,True,True,0.0,0.0,False,False,False,False,False,False,True,True,0,0.0,32.0,47.185945489959536,46.2049309552479,0.9810145347116332,-2.8421709430404007e-13,8331.18036058641,137.51443618407396,0.0,0.0,157.346711871848,0,0,2,/home/user/projects/AIDRBench/results/nature_mainline/commitment_validation_v1/runs/confirmation/resource_gpu_h/H8P16/repeated_f0.25_1011077.parquet,ad0429905037c09a9a90be57a1f0d2b0a5b7f2115d4267faf2c8b8007ad26bfd,/home/user/projects/AIDRBench/results/nature_mainline/commitment_validation_v1/inputs/confirmation/resource_gpu_h/1011077/H8P16/hourly_seed_1011077,18ae9b53555a6836adf17a0aea50125b1d112d2f4498ad7c69f1c6aa9930870c
confirmation,resource_gpu_h,1011078,H8P16,0.25,repeated,1.4745607965612355,193.4389798490304,18,True,True,True,0.0,0.0,False,False,False,False,False,False,True,True,0,0.0,32.0,47.185945489959536,46.46399337455827,0.7219521154012654,7.95722598923021e-08,8918.388734923908,139.53454137637468,0.0,0.0,152.27354031556422,2,2,7,/home/user/projects/AIDRBench/results/nature_mainline/commitment_validation_v1/runs/confirmation/resource_gpu_h/H8P16/repeated_f0.25_1011078.parquet,c95ff7a02db20f15b234f76a70cf6c7d2adf3c9f83ca6147adaba3156ff47966,/home/user/projects/AIDRBench/results/nature_mainline/commitment_validation_v1/inputs/confirmation/resource_gpu_h/1011078/H8P16/hourly_seed_1011078,c90efc27652cb077e99bbe6a710852a7e05618d93e4b6d5982e23f5e9c0f3084
confirmation,resource_gpu_h,1011079,H8P16,0.25,repeated,1.4745607965612355,193.4389798490304,3,True,True,True,1.1546319456101628e-14,1.835686217964876e-18,False,False,False,False,False,False,True,True,0,0.0,32.0,47.185945489959536,46.33649532638279,0.8494501635767477,-1.1368683772161603e-13,8066.009084271469,138.72725583209626,1.1546319456101628e-14,0.0,156.0459041163496,0,0,5,/home/user/projects/AIDRBench/results/nature_mainline/commitment_validation_v1/runs/confirmation/resource_gpu_h/H8P16/repeated_f0.25_1011079.parquet,12631154eafa928a25ca516d07ca633e8a1b796af03d4e755b00e720058202a3,/home/user/projects/AIDRBench/results/nature_mainline/commitment_validation_v1/inputs/confirmation/resource_gpu_h/1011079/H8P16/hourly_seed_1011079,de07ef55f9661f0be358a924ebe12f1b1c1b84374b7f21ab83694b14e4c9c278
confirmation,resource_gpu_h,1011080,H8P16,0.25,repeated,1.4745607965612355,193.4389798490304,23,True,True,True,1.2434497875801753e-14,1.97689285011602e-18,False,False,False,False,False,False,True,True,0,0.0,32.0,47.185945489959536,46.42098322440199,0.7649622655575428,4.547473508864641e-13,7862.518614979503,138.9104241533932,1.2434497875801753e-14,0.0,152.75562102002291,3,3,1,/home/user/projects/AIDRBench/results/nature_mainline/commitment_validation_v1/runs/confirmation/resource_gpu_h/H8P16/repeated_f0.25_1011080.parquet,bd665eab88750c37c70e5854c65dcf59b228b3ef2a1d5f2877a8b3f2238c8ef3,/home/user/projects/AIDRBench/results/nature_mainline/commitment_validation_v1/inputs/confirmation/resource_gpu_h/1011080/H8P16/hourly_seed_1011080,f668302f081c2b7460e13771c39bf200bf0dfa6f15022dcc7eb022ea22088a22
confirmation,resource_gpu_h,1011081,H8P16,0.25,repeated,1.4745607965612355,193.4389798490304,17,True,True,True,2.020605904817785e-14,3.212450881438532e-18,False,False,False,False,False,False,True,True,0,0.0,32.0,47.185945489959536,46.21618654952164,0.9697589404378988,1.0279228490617243e-07,8673.4806302668,138.2161532468171,2.020605904817785e-14,0.0,154.5807112909064,2,2,4,/home/user/projects/AIDRBench/results/nature_mainline/commitment_validation_v1/runs/confirmation/resource_gpu_h/H8P16/repeated_f0.25_1011081.parquet,a0c2c15b03490c3870ad39a91d204172a7e6a04019fa02491834983b68926de9,/home/user/projects/AIDRBench/results/nature_mainline/commitment_validation_v1/inputs/confirmation/resource_gpu_h/1011081/H8P16/hourly_seed_1011081,c6732293b56f253493b61c808bdac2abc04799b4e9037bf64e27edce48de4c9c
confirmation,resource_gpu_h,1011082,H8P16,0.25,repeated,1.4745607965612355,193.4389798490304,23,True,True,True,0.0,0.0,False,False,False,False,False,False,True,True,0,0.0,32.0,47.185945489959536,46.399615902124566,0.7863295878349703,3.979039320256561e-13,7933.433199496975,139.02906213242386,0.0,0.0,152.99183738631382,4,4,1,/home/user/projects/AIDRBench/results/nature_mainline/commitment_validation_v1/runs/confirmation/resource_gpu_h/H8P16/repeated_f0.25_1011082.parquet,277f2e33cc6a9fe6b89da261494068fdf5ed08ed105e6fc488a2d9209ba3a3ca,/home/user/projects/AIDRBench/results/nature_mainline/commitment_validation_v1/inputs/confirmation/resource_gpu_h/1011082/H8P16/hourly_seed_1011082,345250df9d1d7e1167a3623d911fb1f55663f4f642562452b2d370a13273c783
confirmation,resource_gpu_h,1011083,H8P16,0.25,repeated,1.4745607965612355,193.4389798490304,14,True,True,True,3.3306690738754696e-14,5.2952487056679105e-18,False,False,False,False,False,False,True,True,0,0.0,32.0,47.185945489959536,46.21196980704718,0.9739756829123536,0.0,8763.310988774454,139.09418710022646,3.3306690738754696e-14,0.0,158.4873133597125,2,2,5,/home/user/projects/AIDRBench/results/nature_mainline/commitment_validation_v1/runs/confirmation/resource_gpu_h/H8P16/repeated_f0.25_1011083.parquet,8d8ae0ede7f0ea6fa42eb4b07fa6254a90802663d67740cd04033abf3e992a51,/home/user/projects/AIDRBench/results/nature_mainline/commitment_validation_v1/inputs/confirmation/resource_gpu_h/1011083/H8P16/hourly_seed_1011083,9e23c3a7b7fdcee32f8a3a21aa9839de14fb94fb41e1a9f4be7a56884b690d63
confirmation,resource_gpu_h,1011084,H8P16,0.25,repeated,1.4745607965612355,193.4389798490304,23,True,True,True,0.0,0.0,False,False,False,False,False,False,True,True,0,0.0,32.0,47.185945489959536,46.579358446100144,0.6065870438593919,-5.684341886080802e-14,8000.990958103451,144.2959454508817,0.0,0.0,149.49704493067466,2,2,2,/home/user/projects/AIDRBench/results/nature_mainline/commitment_validation_v1/runs/confirmation/resource_gpu_h/H8P16/repeated_f0.25_1011084.parquet,0b262586099416a88285409a31bcbdbe4f58c4f279ca8fac129f77d09f0216b7,/home/user/projects/AIDRBench/results/nature_mainline/commitment_validation_v1/inputs/confirmation/resource_gpu_h/1011084/H8P16/hourly_seed_1011084,3cc4e88dc54613e812912635e4119c84be61b302ec6f80a335107fb0ad40cf96
confirmation,resource_gpu_h,1011085,H8P16,0.25,repeated,1.4745607965612355,193.4389798490304,13,True,True,True,0.0,0.0,False,False,False,False,False,False,True,True,0,0.0,32.0,47.185945489959536,46.37906648969016,0.806879000269376,6.252776074688882e-13,8129.177991798001,137.93849100036027,0.0,0.0,152.52500801799454,1,1,6,/home/user/projects/AIDRBench/results/nature_mainline/commitment_validation_v1/runs/confirmation/resource_gpu_h/H8P16/repeated_f0.25_1011085.parquet,8fef3b27e797737dc8c6741aa8fe34245cd91360814f1237031c8a02ce6987b7,/home/user/projects/AIDRBench/results/nature_mainline/commitment_validation_v1/inputs/confirmation/resource_gpu_h/1011085/H8P16/hourly_seed_1011085,7509ef6f9ad3f8a1cfafd352b0af112c0bccac5bd9160bcce04271fbe8e2f41c
confirmation,resource_gpu_h,1011086,H8P16,0.25,repeated,1.4745607965612355,193.4389798490304,7,True,True,True,0.0,0.0,False,False,False,False,False,False,True,True,0,0.0,32.0,47.185945489959536,46.070904651979674,1.115040837979862,2.647161184307322,9927.257564625897,138.99851532446795,0.0,0.0,180.90821897417842,2,2,0,/home/user/projects/AIDRBench/results/nature_mainline/commitment_validation_v1/runs/confirmation/resource_gpu_h/H8P16/repeated_f0.25_1011086.parquet,6b4b4250094d532d5c36776e4ed26715dda420b51fd4779c0a37a9b6fda9d018,/home/user/projects/AIDRBench/results/nature_mainline/commitment_validation_v1/inputs/confirmation/resource_gpu_h/1011086/H8P16/hourly_seed_1011086,2084f2371ac5d8990b6f543e411d56b74515dd335ec8541898f8205615eb7f99
confirmation,resource_gpu_h,1011087,H8P16,0.25,repeated,1.4745607965612355,193.4389798490304,13,True,True,True,0.0,0.0,False,False,False,False,False,False,True,True,0,0.0,32.0,47.185945489959536,46.26381062283559,0.922134867123944,3.410605131648481e-13,8158.422945834096,137.68527045666082,0.0,0.0,153.1014167674859,1,1,7,/home/user/projects/AIDRBench/results/nature_mainline/commitment_validation_v1/runs/confirmation/resource_gpu_h/H8P16/repeated_f0.25_1011087.parquet,d35c7fc7dc4ef42089bdf078d059bf86e3b3ac44c8f8633e41e65d085e8671a0,/home/user/projects/AIDRBench/results/nature_mainline/commitment_validation_v1/inputs/confirmation/resource_gpu_h/1011087/H8P16/hourly_seed_1011087,0a24c89e2bcc5eb5f59bdc61e30e637cfc4e1e93458532e247aac6bce7abad00
confirmation,resource_gpu_h,1011088,H8P16,0.25,repeated,1.4745607965612355,193.4389798490304,8,True,True,True,0.0,0.0,False,False,False,False,False,False,True,True,0,0.0,32.0,47.185945489959536,46.215172688399065,0.9707728015604715,4.547473508864641e-13,8942.698652243602,138.061944245489,0.0,0.0,170.95139053532847,3,3,4,/home/user/projects/AIDRBench/results/nature_mainline/commitment_validation_v1/runs/confirmation/resource_gpu_h/H8P16/repeated_f0.25_1011088.parquet,902292be45b0e4ef6d0304a310302161923b52b635512ea0a6cb07a98882586a,/home/user/projects/AIDRBench/results/nature_mainline/commitment_validation_v1/inputs/confirmation/resource_gpu_h/1011088/H8P16/hourly_seed_1011088,e89c7f7e27b4478aa5d935b56ce53dcd123301aa01a6050891dfd7fe7bca1fe7
confirmation,resource_gpu_h,1011089,H8P16,0.25,repeated,1.4745607965612355,193.4389798490304,14,True,True,True,0.0,0.0,False,False,False,False,False,False,True,True,0,0.0,32.0,47.185945489959536,46.0466901216993,1.1392553682602369,-2.8421709430404007e-13,8140.059003569304,137.35367053787658,0.0,0.0,156.4134716466096,1,1,4,/home/user/projects/AIDRBench/results/nature_mainline/commitment_validation_v1/runs/confirmation/resource_gpu_h/H8P16/repeated_f0.25_1011089.parquet,1a91cbdeb40ea77905ba36099f5239e54759583cabd98df2799f3ae79d6fecc5,/home/user/projects/AIDRBench/results/nature_mainline/commitment_validation_v1/inputs/confirmation/resource_gpu_h/1011089/H8P16/hourly_seed_1011089,765ca9e972ed69ad8c23b74b6a6e9f6139fab7687cf0da3a4b4e276daefe47e5
confirmation,resource_gpu_h,1011090,H8P16,0.25,repeated,1.4745607965612355,193.4389798490304,18,True,True,True,0.0,0.0,False,False,False,False,False,False,True,True,0,0.0,32.0,47.185945489959536,46.25362057912773,0.9323249108318095,2.530983351789473e-07,8648.320182362622,138.32030660245104,0.0,0.0,154.8558693247811,1,1,1,/home/user/projects/AIDRBench/results/nature_mainline/commitment_validation_v1/runs/confirmation/resource_gpu_h/H8P16/repeated_f0.25_1011090.parquet,1bed15d84cad40f377e2d2c07106e9f5091c95b8db8519b0b2cd3faa19957698,/home/user/projects/AIDRBench/results/nature_mainline/commitment_validation_v1/inputs/confirmation/resource_gpu_h/1011090/H8P16/hourly_seed_1011090,dac71340e30ab83bf5a20a34917f4d2af5a1aacf453cccc40a722a86fbc189b6
confirmation,resource_gpu_h,1011091,H8P16,0.25,repeated,1.4745607965612355,193.4389798490304,19,True,True,True,0.0,0.0,False,False,False,False,False,False,True,True,0,0.0,32.0,47.185945489959536,46.289327404252134,0.8966180857074022,-2.2737367544323206e-13,8454.301364038249,138.62717621586188,0.0,0.0,146.3586786934469,0,0,6,/home/user/projects/AIDRBench/results/nature_mainline/commitment_validation_v1/runs/confirmation/resource_gpu_h/H8P16/repeated_f0.25_1011091.parquet,b5965a588d7cc2d55cdd651387ed99fba774b427c490fde6c392841c6ce40697,/home/user/projects/AIDRBench/results/nature_mainline/commitment_validation_v1/inputs/confirmation/resource_gpu_h/1011091/H8P16/hourly_seed_1011091,dc414721a2df70149c378aa56ee3e8925a9564c149551df0b756073905203263
confirmation,resource_gpu_h,1011092,H8P16,0.25,repeated,1.4745607965612355,193.4389798490304,2,True,True,True,0.0,0.0,False,False,False,False,False,False,True,True,0,0.0,32.0,47.185945489959536,46.45245070337438,0.7334947865851547,2.2737367544323206e-13,8041.615103788807,139.32369665688714,0.0,0.0,146.51219670679797,0,0,4,/home/user/projects/AIDRBench/results/nature_mainline/commitment_validation_v1/runs/confirmation/resource_gpu_h/H8P16/repeated_f0.25_1011092.parquet,6158e713a30a62094a6dd39453ed44f835926cf5c6157e6e3e117c6ca6177d23,/home/user/projects/AIDRBench/results/nature_mainline/commitment_validation_v1/inputs/confirmation/resource_gpu_h/1011092/H8P16/hourly_seed_1011092,82550338e86948ba0aa972bedaba9c3ccdf17e18481ed589e87e6711a3dc1c4b
confirmation,resource_gpu_h,1011093,H8P16,0.25,repeated,1.4745607965612355,193.4389798490304,23,True,True,True,1.176836406102666e-14,1.8709878760026617e-18,False,False,False,False,False,False,True,True,0,0.0,32.0,47.185945489959536,46.45249676102259,0.7334487289369491,1.0127661198566784e-07,7875.2450978244515,139.4205957055977,1.176836406102666e-14,0.0,154.19087927087378,4,4,0,/home/user/projects/AIDRBench/results/nature_mainline/commitment_validation_v1/runs/confirmation/resource_gpu_h/H8P16/repeated_f0.25_1011093.parquet,944dfb115a2e14a8dc9bde8fdfffeef7993d1c2b0b2c582f89318fdda17d1248,/home/user/projects/AIDRBench/results/nature_mainline/commitment_validation_v1/inputs/confirmation/resource_gpu_h/1011093/H8P16/hourly_seed_1011093,cd7ec46b0a8a0273a3c06b1bb23943a43ad5b1a90ba2e11f31d0f6c2cc6825f0
confirmation,resource_gpu_h,1011094,H8P16,0.25,repeated,1.4745607965612355,193.4389798490304,22,True,True,True,0.0,0.0,False,False,False,False,False,False,True,True,0,0.0,32.0,47.185945489959536,46.39863837024052,0.7873071197190171,2.303018025208189,8372.031858714858,139.24033502436933,0.0,0.0,150.38085479586078,3,3,7,/home/user/projects/AIDRBench/results/nature_mainline/commitment_validation_v1/runs/confirmation/resource_gpu_h/H8P16/repeated_f0.25_1011094.parquet,dff1d8a24af0056c5809f40a7c920cd5321ca9219fc9d06747783ff7e19dfe14,/home/user/projects/AIDRBench/results/nature_mainline/commitment_validation_v1/inputs/confirmation/resource_gpu_h/1011094/H8P16/hourly_seed_1011094,d9da9a62e36d2b06cb03334707fc815769d891aeebf704e53d0008a4d3125816
confirmation,resource_gpu_h,1011095,H8P16,0.25,repeated,1.4745607965612355,193.4389798490304,13,True,True,True,0.0,0.0,False,False,False,False,False,False,True,True,0,0.0,32.0,47.185945489959536,46.26812784005946,0.9178176499000728,-2.8421709430404007e-13,7901.256759606893,137.79693431015116,0.0,0.0,149.6239011799565,1,1,1,/home/user/projects/AIDRBench/results/nature_mainline/commitment_validation_v1/runs/confirmation/resource_gpu_h/H8P16/repeated_f0.25_1011095.parquet,6655785535229ef6e3e3d8ec9d3653985421237610548a94eab1d42aaab5cde7,/home/user/projects/AIDRBench/results/nature_mainline/commitment_validation_v1/inputs/confirmation/resource_gpu_h/1011095/H8P16/hourly_seed_1011095,5981d1e256a51c7793b19f14b42e2b44639452e46f7bef50a5daf1433de1303a
confirmation,resource_gpu_h,1011096,H8P16,0.25,repeated,1.4745607965612355,193.4389798490304,11,True,True,True,0.0,0.0,False,False,False,False,False,False,True,True,0,0.0,32.0,47.185945489959536,46.229335559604635,0.9566099303549009,4.98060330755834e-08,7988.76266168235,137.45818881312675,0.0,0.0,151.2693101826046,1,1,6,/home/user/projects/AIDRBench/results/nature_mainline/commitment_validation_v1/runs/confirmation/resource_gpu_h/H8P16/repeated_f0.25_1011096.parquet,fc53e1775aa47a20f429256da93feb7ff75451ce0e53f05d29ba250f78481b5e,/home/user/projects/AIDRBench/results/nature_mainline/commitment_validation_v1/inputs/confirmation/resource_gpu_h/1011096/H8P16/hourly_seed_1011096,d5dac9cb5d1a672adcd86b59f30b69f62f91326000e615a5af25744d279ed8d4
confirmation,resource_gpu_h,1011097,H8P16,0.25,repeated,1.4745607965612355,193.4389798490304,6,True,True,True,0.0,0.0,False,False,False,False,False,False,True,True,0,0.0,32.0,47.185945489959536,46.383603537808966,0.8023419521505701,5.684341886080802e-14,8848.887505675972,138.5721214822884,0.0,0.0,166.4496159424429,1,1,5,/home/user/projects/AIDRBench/results/nature_mainline/commitment_validation_v1/runs/confirmation/resource_gpu_h/H8P16/repeated_f0.25_1011097.parquet,de7b99728c7ae2082ba972f489bece52a3c6b478490f7ee62c1896148eb468b3,/home/user/projects/AIDRBench/results/nature_mainline/commitment_validation_v1/inputs/confirmation/resource_gpu_h/1011097/H8P16/hourly_seed_1011097,fb6ac1a109e70bef084e6d175d9cd8be8fd2493655cd0d3759beb82cf065d289
confirmation,resource_gpu_h,1011098,H8P16,0.25,repeated,1.4745607965612355,193.4389798490304,23,True,True,True,0.0,0.0,False,False,False,False,False,False,True,True,0,0.0,32.0,47.185945489959536,46.46180732652482,0.7241381634347164,2.8421709430404007e-13,7751.948494773447,139.71888921696518,0.0,0.0,149.78443062705193,2,2,1,/home/user/projects/AIDRBench/results/nature_mainline/commitment_validation_v1/runs/confirmation/resource_gpu_h/H8P16/repeated_f0.25_1011098.parquet,1f33ff2f640a21bc98889b18cbac8bb5024de43231b06598809c5bedfa3a07d2,/home/user/projects/AIDRBench/results/nature_mainline/commitment_validation_v1/inputs/confirmation/resource_gpu_h/1011098/H8P16/hourly_seed_1011098,6a9e6fc6ec61c2197924cca79d2ac8685dfd30b53cc83beb37ca4ec1bd57bb8d
confirmation,resource_gpu_h,1011099,H8P16,0.25,repeated,1.4745607965612355,193.4389798490304,14,True,True,True,0.0,0.0,False,False,False,False,False,False,True,True,0,0.0,32.0,47.185945489959536,46.19897785592079,0.9869676340387485,5.684341886080802e-14,8232.838955777617,137.4532064799542,0.0,0.0,156.32862306386494,2,2,4,/home/user/projects/AIDRBench/results/nature_mainline/commitment_validation_v1/runs/confirmation/resource_gpu_h/H8P16/repeated_f0.25_1011099.parquet,817ed679e6b4670991d0f6ea2fc8d098116b60a5d9c8e7e4a3a814f1dd2b7c92,/home/user/projects/AIDRBench/results/nature_mainline/commitment_validation_v1/inputs/confirmation/resource_gpu_h/1011099/H8P16/hourly_seed_1011099,ee94ec39ac31bbe2325a44a9224d0e349ac41195ca149b62bd97cca777fea606
confirmation,resource_gpu_h,1011100,H8P16,0.25,repeated,1.4745607965612355,193.4389798490304,2,True,True,True,0.0,0.0,False,False,False,False,False,False,True,True,0,0.0,32.0,47.185945489959536,46.49514920991345,0.6907962800460865,-1.7053025658242404e-13,8285.856546814259,140.19071416685003,0.0,0.0,150.24220090308233,1,1,3,/home/user/projects/AIDRBench/results/nature_mainline/commitment_validation_v1/runs/confirmation/resource_gpu_h/H8P16/repeated_f0.25_1011100.parquet,f940ee61ee207cce91dbc04f9ad7feafe74bf4d28f55dac210604b8853e8032a,/home/user/projects/AIDRBench/results/nature_mainline/commitment_validation_v1/inputs/confirmation/resource_gpu_h/1011100/H8P16/hourly_seed_1011100,f4058409854f64cc4e0bd78be4584b68da9ec76a8f907f7ca50f65a8860ade07
confirmation,resource_gpu_h,1011101,H8P16,0.25,repeated,1.4745607965612355,193.4389798490304,16,True,True,True,0.0,0.0,False,False,False,False,False,False,True,True,0,0.0,32.0,47.185945489959536,46.20723541481149,0.9787100751480438,0.0,8984.057441691217,137.35835159128706,0.0,0.0,159.41119753357384,1,1,3,/home/user/projects/AIDRBench/results/nature_mainline/commitment_validation_v1/runs/confirmation/resource_gpu_h/H8P16/repeated_f0.25_1011101.parquet,729c6f529448833eb757bd74a8a43a19a6526ac66d39c6de89ba8b2e3b290cde,/home/user/projects/AIDRBench/results/nature_mainline/commitment_validation_v1/inputs/confirmation/resource_gpu_h/1011101/H8P16/hourly_seed_1011101,b12b2133d5346b525f15c460ba00ce905d5764e58435d3de045a4685270a87a3
confirmation,resource_gpu_h,1011102,H8P16,0.25,repeated,1.4745607965612355,193.4389798490304,20,True,True,True,0.0,0.0,False,False,False,False,False,False,True,True,0,0.0,32.0,47.185945489959536,46.30343236350947,0.8825131264500641,1.1945928690693108e-08,7956.388465470942,140.3314407540996,0.0,0.0,143.53327748153242,0,0,0,/home/user/projects/AIDRBench/results/nature_mainline/commitment_validation_v1/runs/confirmation/resource_gpu_h/H8P16/repeated_f0.25_1011102.parquet,ada530b2291953529b2ee74f40a4a4973f1515ec6c10548f6326cb0ca502f962,/home/user/projects/AIDRBench/results/nature_mainline/commitment_validation_v1/inputs/confirmation/resource_gpu_h/1011102/H8P16/hourly_seed_1011102,415d9cc70f45b92bf79f8a61bbb57363b0a30299286a2f9518916d78c03601c3
confirmation,resource_gpu_h,1011103,H8P16,0.25,repeated,1.4745607965612355,193.4389798490304,14,True,True,True,0.0,0.0,False,False,False,False,False,False,True,True,0,0.0,32.0,47.185945489959536,46.0507258531307,1.135219636828836,3.979039320256561e-13,7842.924709656888,137.09086097755105,0.0,0.0,151.1894287355491,4,4,2,/home/user/projects/AIDRBench/results/nature_mainline/commitment_validation_v1/runs/confirmation/resource_gpu_h/H8P16/repeated_f0.25_1011103.parquet,e07fbf42b6129fa7e3028d0204427a86fa15ed937908f3fe76d4a61253dfd6e9,/home/user/projects/AIDRBench/results/nature_mainline/commitment_validation_v1/inputs/confirmation/resource_gpu_h/1011103/H8P16/hourly_seed_1011103,56380c454880d7f99ba350a1660ff6e677ad811ed3f5c5d5304eb403cd758387
confirmation,resource_gpu_h,1011104,H8P16,0.25,repeated,1.4745607965612355,193.4389798490304,14,True,True,True,0.0,0.0,False,False,False,False,False,False,True,True,0,0.0,32.0,47.185945489959536,46.10333880672741,1.0826066832321288,5.684341886080801e-13,8778.200565924795,140.04039736538613,0.0,0.0,155.53938731524832,3,3,5,/home/user/projects/AIDRBench/results/nature_mainline/commitment_validation_v1/runs/confirmation/resource_gpu_h/H8P16/repeated_f0.25_1011104.parquet,8cf291c820d4ccef16db8d89d24a0ab1ff0d673efe7888f2a1fc20081358a552,/home/user/projects/AIDRBench/results/nature_mainline/commitment_validation_v1/inputs/confirmation/resource_gpu_h/1011104/H8P16/hourly_seed_1011104,a84f091885e36c1066cfdbc51bc782d91be4cccd83628ab768f64b366d4f33ba
confirmation,resource_gpu_h,1011105,H8P16,0.25,repeated,1.4745607965612355,193.4389798490304,15,True,True,True,0.0,0.0,False,False,False,False,False,False,True,True,0,0.0,32.0,47.185945489959536,46.17009264438849,1.0158528455710467,5.684341886080801e-13,9002.256118032547,139.68220053671905,0.0,0.0,160.70885929452663,3,3,5,/home/user/projects/AIDRBench/results/nature_mainline/commitment_validation_v1/runs/confirmation/resource_gpu_h/H8P16/repeated_f0.25_1011105.parquet,fcee1de7002627476dc86f89e08486b36d8aee84455b1de33480a708d9856948,/home/user/projects/AIDRBench/results/nature_mainline/commitment_validation_v1/inputs/confirmation/resource_gpu_h/1011105/H8P16/hourly_seed_1011105,46eff41237e03b8f9d232b3871e6606555ddbbf2eaee1de4a86f8864f1fed219
confirmation,resource_gpu_h,1011106,H8P16,0.25,repeated,1.4745607965612355,193.4389798490304,18,True,True,True,1.532107773982716e-14,2.4358144046072385e-18,False,False,False,False,False,False,True,True,0,0.0,32.0,47.185945489959536,46.2628275239841,0.923117965975436,3.5871876649845262,9611.51405558128,141.02008722294707,1.532107773982716e-14,0.0,171.71111986923162,1,1,0,/home/user/projects/AIDRBench/results/nature_mainline/commitment_validation_v1/runs/confirmation/resource_gpu_h/H8P16/repeated_f0.25_1011106.parquet,791700e922ba531be93975b977b87a95d6ee709e51fe211faaee738c6d762d46,/home/user/projects/AIDRBench/results/nature_mainline/commitment_validation_v1/inputs/confirmation/resource_gpu_h/1011106/H8P16/hourly_seed_1011106,96cbfba3ca9e6dee5001614fd450462c3da0682ed9b10b368cc92df0d2583c91
confirmation,resource_gpu_h,1011107,H8P16,0.25,repeated,1.4745607965612355,193.4389798490304,20,True,True,True,0.0,0.0,False,False,False,False,False,False,True,True,0,0.0,32.0,47.185945489959536,46.26332007361907,0.9226254163404661,-3.410605131648481e-13,7969.964590593251,138.16666733483902,0.0,0.0,141.87612072326658,1,1,1,/home/user/projects/AIDRBench/results/nature_mainline/commitment_validation_v1/runs/confirmation/resource_gpu_h/H8P16/repeated_f0.25_1011107.parquet,342faf8031a6f315f700f677c6566e3a29f01f3234910df4167e01b8d26da266,/home/user/projects/AIDRBench/results/nature_mainline/commitment_validation_v1/inputs/confirmation/resource_gpu_h/1011107/H8P16/hourly_seed_1011107,297707861b064876e8f2ba35a9c81a5d8698c99ed0eb965fdc63e76f0ca49f4b
confirmation,resource_gpu_h,1011108,H8P16,0.25,repeated,1.4745607965612355,193.4389798490304,11,True,True,True,0.0,0.0,False,False,False,False,False,False,True,True,0,0.0,32.0,47.185945489959536,46.16759877059863,1.0183467193609061,1.7053025658242404e-13,9156.979930102225,138.9013960451419,0.0,0.0,164.56259203145234,0,0,5,/home/user/projects/AIDRBench/results/nature_mainline/commitment_validation_v1/runs/confirmation/resource_gpu_h/H8P16/repeated_f0.25_1011108.parquet,abdad717b9e084e7c05c404c5ad287204bb237bd9402b084b14e10ef37506ca7,/home/user/projects/AIDRBench/results/nature_mainline/commitment_validation_v1/inputs/confirmation/resource_gpu_h/1011108/H8P16/hourly_seed_1011108,ed4b4f4fec981e7a372271eaf124a775b500609c71f73120ea544280b509a861
confirmation,resource_gpu_h,1011109,H8P16,0.25,repeated,1.4745607965612355,193.4389798490304,7,True,True,True,0.0,0.0,False,False,False,False,False,False,True,True,0,0.0,32.0,47.185945489959536,46.24678194401346,0.939163545946073,4.6352056415344123e-07,9035.834961975084,138.02044264304635,0.0,0.0,170.4128433005003,1,1,6,/home/user/projects/AIDRBench/results/nature_mainline/commitment_validation_v1/runs/confirmation/resource_gpu_h/H8P16/repeated_f0.25_1011109.parquet,a5575322da959f57d108fddf5855cef87022cdabe78d208332e1742a15feb50b,/home/user/projects/AIDRBench/results/nature_mainline/commitment_validation_v1/inputs/confirmation/resource_gpu_h/1011109/H8P16/hourly_seed_1011109,d598fc6ec87216125dbba663cdf99d290fd3dce90cb9ef0665a8cbe0eaebfb08
confirmation,resource_gpu_h,1011110,H8P16,0.25,repeated,1.4745607965612355,193.4389798490304,11,True,True,True,0.0,0.0,False,False,False,False,False,False,True,True,0,0.0,32.0,47.185945489959536,46.17490824116578,1.0110372487937553,3.979039320256561e-13,8952.606897524987,141.78430156880887,0.0,0.0,169.28700693546028,1,1,0,/home/user/projects/AIDRBench/results/nature_mainline/commitment_validation_v1/runs/confirmation/resource_gpu_h/H8P16/repeated_f0.25_1011110.parquet,d068d061efaf2f64b9d0e165ae4f52cd49ebc401173f17114d542372460da45e,/home/user/projects/AIDRBench/results/nature_mainline/commitment_validation_v1/inputs/confirmation/resource_gpu_h/1011110/H8P16/hourly_seed_1011110,9311ea5054ba37320ecc6c2a322608c5a137442ec4a77677e537e337b4953ea6
confirmation,resource_gpu_h,1011111,H8P16,0.25,repeated,1.4745607965612355,193.4389798490304,18,True,True,True,0.0,0.0,False,False,False,False,False,False,True,True,0,0.0,32.0,47.185945489959536,46.33010146222523,0.8558440277343067,-1.7053025658242404e-13,8205.868263712946,138.82539288361542,0.0,0.0,145.52797557910088,0,0,3,/home/user/projects/AIDRBench/results/nature_mainline/commitment_validation_v1/runs/confirmation/resource_gpu_h/H8P16/repeated_f0.25_1011111.parquet,ac3c5fa2d57ff71fa784e12400540b87ca17a6530f5447543557cb49b38ac853,/home/user/projects/AIDRBench/results/nature_mainline/commitment_validation_v1/inputs/confirmation/resource_gpu_h/1011111/H8P16/hourly_seed_1011111,d2b14dc1c4fd98392b215eaa15ba6b1a3525870e95d9bc3c5039d426b9ba862c
confirmation,resource_gpu_h,1011112,H8P16,0.25,repeated,1.4745607965612355,193.4389798490304,7,True,True,True,0.0,0.0,False,False,False,False,False,False,True,True,0,0.0,32.0,47.185945489959536,46.4459996376969,0.7399458522626361,1.9402511952648638e-07,9569.132225109151,139.21747236310637,0.0,0.0,172.73072479290332,3,3,3,/home/user/projects/AIDRBench/results/nature_mainline/commitment_validation_v1/runs/confirmation/resource_gpu_h/H8P16/repeated_f0.25_1011112.parquet,8027bc38b00121023f2fd86c96e9488d641785745bb2633e11aa1235248793fd,/home/user/projects/AIDRBench/results/nature_mainline/commitment_validation_v1/inputs/confirmation/resource_gpu_h/1011112/H8P16/hourly_seed_1011112,f223d427dbeb0317723203f383104a4cefdc5dc141599cbd8f5e1a24fdd0db62
confirmation,resource_gpu_h,1011113,H8P16,0.25,repeated,1.4745607965612355,193.4389798490304,3,True,True,True,0.0,0.0,False,False,False,False,False,False,True,True,0,0.0,32.0,47.185945489959536,46.47407967962266,0.7118658103368745,2.0792111854461837e-07,7573.713644511172,139.21239063070715,0.0,0.0,141.35913304798106,0,0,7,/home/user/projects/AIDRBench/results/nature_mainline/commitment_validation_v1/runs/confirmation/resource_gpu_h/H8P16/repeated_f0.25_1011113.parquet,f11b28d94937955fed4eb147a15d904a48e716e48145054a479c02724d94834d,/home/user/projects/AIDRBench/results/nature_mainline/commitment_validation_v1/inputs/confirmation/resource_gpu_h/1011113/H8P16/hourly_seed_1011113,cae0d85a783980b717f29ccd7c76b3091c74b3287f1388c179b33c4472be6bd3
confirmation,resource_gpu_h,1011114,H8P16,0.25,repeated,1.4745607965612355,193.4389798490304,12,True,True,True,0.0,0.0,False,False,False,False,False,False,True,True,0,0.0,32.0,47.185945489959536,46.29753622364021,0.8884092663193286,1.856381004472496e-08,8475.656731340769,138.75281086355437,0.0,0.0,162.85445973488342,1,1,3,/home/user/projects/AIDRBench/results/nature_mainline/commitment_validation_v1/runs/confirmation/resource_gpu_h/H8P16/repeated_f0.25_1011114.parquet,524e3e014306244f4b03af06b8c26884e6012027cdce513ad56119a1535d8cad,/home/user/projects/AIDRBench/results/nature_mainline/commitment_validation_v1/inputs/confirmation/resource_gpu_h/1011114/H8P16/hourly_seed_1011114,694ac45f38e66913f1cd149ce6290e2e8f8a8d3b6e07e0c5e487dd131338d52d
confirmation,resource_gpu_h,1011115,H8P16,0.25,repeated,1.4745607965612355,193.4389798490304,11,True,True,True,0.0,0.0,False,False,False,False,False,False,True,True,0,0.0,32.0,47.185945489959536,46.292302821008576,0.8936426689509602,7.4262118232582e-08,8336.597193516294,138.13917495381207,0.0,0.0,159.23140779348853,0,0,3,/home/user/projects/AIDRBench/results/nature_mainline/commitment_validation_v1/runs/confirmation/resource_gpu_h/H8P16/repeated_f0.25_1011115.parquet,26599e9d2fc5ca0c31c8903e677dfd81eb3e2bd767e958ee7de9cf4949e121bf,/home/user/projects/AIDRBench/results/nature_mainline/commitment_validation_v1/inputs/confirmation/resource_gpu_h/1011115/H8P16/hourly_seed_1011115,1562e30565642366adb08b192d9079eaf8a97a3dc2f76eeb9b842e29f748a386
confirmation,resource_gpu_h,1011116,H8P16,0.25,repeated,1.4745607965612355,193.4389798490304,21,True,True,True,0.0,0.0,False,False,False,False,False,False,True,True,0,0.0,32.0,47.185945489959536,46.35847245730969,0.8274730326498485,2.2979804725764552e-07,7934.703656406467,139.01902918067978,0.0,0.0,144.99312425353057,3,3,1,/home/user/projects/AIDRBench/results/nature_mainline/commitment_validation_v1/runs/confirmation/resource_gpu_h/H8P16/repeated_f0.25_1011116.parquet,498450a134f1014a2eee90a21bd8481764c8e7b1bcb074c83f8ae87d7fbfc577,/home/user/projects/AIDRBench/results/nature_mainline/commitment_validation_v1/inputs/confirmation/resource_gpu_h/1011116/H8P16/hourly_seed_1011116,48b8b9230e2a4193a538e60552ffa7229640709dd816b0e30af93a748a929618
confirmation,resource_gpu_h,1011117,H8P16,0.25,repeated,1.4745607965612355,193.4389798490304,23,True,True,True,0.0,0.0,False,False,False,False,False,False,True,True,0,0.0,32.0,47.185945489959536,46.515277592478526,0.6706678974810103,1.012763846119924e-07,8035.116120883349,140.02704173335354,0.0,0.0,154.86660151227562,4,4,0,/home/user/projects/AIDRBench/results/nature_mainline/commitment_validation_v1/runs/confirmation/resource_gpu_h/H8P16/repeated_f0.25_1011117.parquet,4d3412f1452e25abd8d5825dc9b82aa4db9fa45230aaeeaa82fd54b9b5252d8b,/home/user/projects/AIDRBench/results/nature_mainline/commitment_validation_v1/inputs/confirmation/resource_gpu_h/1011117/H8P16/hourly_seed_1011117,22523583e601736f41545ee0f0e582d90667db281c567487399c1f454ad3a1fb
confirmation,resource_gpu_h,1011118,H8P16,0.25,repeated,1.4745607965612355,193.4389798490304,4,True,True,True,1.1102230246251565e-16,1.7650829018893037e-20,False,False,False,False,False,False,True,True,0,0.0,32.0,47.185945489959536,46.29055761416413,0.8953878757954072,4.635207346836978e-07,7627.02495640228,139.5175754467263,1.1102230246251565e-16,0.0,150.98931401828793,1,1,6,/home/user/projects/AIDRBench/results/nature_mainline/commitment_validation_v1/runs/confirmation/resource_gpu_h/H8P16/repeated_f0.25_1011118.parquet,8fe66fc432299cee2dba6ffb07a19564d48a25a510dd11a52556355369e6d392,/home/user/projects/AIDRBench/results/nature_mainline/commitment_validation_v1/inputs/confirmation/resource_gpu_h/1011118/H8P16/hourly_seed_1011118,639c2c8ce06d825c03d5329cefb05033a81b17f873293fb5410aa505a4314873
confirmation,resource_gpu_h,1011119,H8P16,0.25,repeated,1.4745607965612355,193.4389798490304,12,True,True,True,0.0,0.0,False,False,False,False,False,False,True,True,0,0.0,32.0,47.185945489959536,46.20544419636255,0.980501293596987,1.509491198703472e-07,7577.411084592549,141.38646926072067,0.0,0.0,149.69285010395754,0,0,0,/home/user/projects/AIDRBench/results/nature_mainline/commitment_validation_v1/runs/confirmation/resource_gpu_h/H8P16/repeated_f0.25_1011119.parquet,073bbcdbdcdfdfe9ab9c0b151231d88d7307f122401d2c5d0b3482d83adfb4a4,/home/user/projects/AIDRBench/results/nature_mainline/commitment_validation_v1/inputs/confirmation/resource_gpu_h/1011119/H8P16/hourly_seed_1011119,eb6abe4643da65aee375ae61797da1aca66c37f4a64433462e1e11bd68321c14
confirmation,resource_gpu_h,1011120,H8P16,0.25,repeated,1.4745607965612355,193.4389798490304,22,True,True,True,0.0,0.0,False,False,False,False,False,False,True,True,0,0.0,32.0,47.185945489959536,46.270931994883796,0.9150134950757405,2.3194453484707083,8336.702238843243,139.26524493790924,0.0,0.0,150.24204181470145,0,0,7,/home/user/projects/AIDRBench/results/nature_mainline/commitment_validation_v1/runs/confirmation/resource_gpu_h/H8P16/repeated_f0.25_1011120.parquet,71ee2ae9fecfa84f4e71aed1b1293f34e871e65fc2ee76d8c86fbdaa3ad80181,/home/user/projects/AIDRBench/results/nature_mainline/commitment_validation_v1/inputs/confirmation/resource_gpu_h/1011120/H8P16/hourly_seed_1011120,690af45afb9922296bf12005be2c5b3ecea68d06d144f8b7914db9775b7fef9a
confirmation,resource_gpu_h,1011121,H8P16,0.25,repeated,1.4745607965612355,193.4389798490304,4,True,True,True,0.0,0.0,False,False,False,False,False,False,True,True,0,0.0,32.0,47.185945489959536,46.53472546124701,0.6512200287125296,-1.1368683772161603e-13,7198.922172149247,138.52231161265587,0.0,0.0,138.02033881085777,1,1,1,/home/user/projects/AIDRBench/results/nature_mainline/commitment_validation_v1/runs/confirmation/resource_gpu_h/H8P16/repeated_f0.25_1011121.parquet,096e9b3769879d3db9c30479bc0c329ef8cee74ba1c0ea17d55ff78fee8fd4b3,/home/user/projects/AIDRBench/results/nature_mainline/commitment_validation_v1/inputs/confirmation/resource_gpu_h/1011121/H8P16/hourly_seed_1011121,121ab7b9f8f7dac6944f811c29889b76d6e12b0346f1c487a369eafcc6112d99
confirmation,resource_gpu_h,1011122,H8P16,0.25,repeated,1.4745607965612355,193.4389798490304,17,True,True,True,0.0,0.0,False,False,False,False,False,False,True,True,0,0.0,32.0,47.185945489959536,46.27913048567672,0.9068150042828194,5.684341886080801e-13,8902.124992952396,139.16297708714362,0.0,0.0,155.5306123346791,5,5,6,/home/user/projects/AIDRBench/results/nature_mainline/commitment_validation_v1/runs/confirmation/resource_gpu_h/H8P16/repeated_f0.25_1011122.parquet,8710748a0dd7c079fd97611ea604aa1fca1fa9d40a45a0d1c442e3952a29bc01,/home/user/projects/AIDRBench/results/nature_mainline/commitment_validation_v1/inputs/confirmation/resource_gpu_h/1011122/H8P16/hourly_seed_1011122,2590d4e781f67fa167b62b3e56b65561c0030b00d174bcc82a29cb7e4134a3ba
confirmation,resource_gpu_h,1011123,H8P16,0.25,repeated,1.4745607965612355,193.4389798490304,6,True,True,True,0.0,0.0,False,False,False,False,False,False,True,True,0,0.0,32.0,47.185945489959536,46.19214715127384,0.9937983386856928,4.6352067784027895e-07,8411.637442747273,138.4484980488282,0.0,0.0,159.65211793028405,2,2,6,/home/user/projects/AIDRBench/results/nature_mainline/commitment_validation_v1/runs/confirmation/resource_gpu_h/H8P16/repeated_f0.25_1011123.parquet,4e3eb12c02553d0a79d25585b740ba944008ddaa0ad96eddda0ef3e29c618d57,/home/user/projects/AIDRBench/results/nature_mainline/commitment_validation_v1/inputs/confirmation/resource_gpu_h/1011123/H8P16/hourly_seed_1011123,381e0e56ce4d335046198b523aa6fe1130b97bf4684cca7a14e2c128c6f32f77
confirmation,resource_gpu_h,1011124,H8P16,0.25,repeated,1.4745607965612355,193.4389798490304,17,True,True,True,0.0,0.0,False,False,False,False,False,False,True,True,0,0.0,32.0,47.185945489959536,46.44729069810268,0.7386547918568596,-2.8421709430404007e-13,8177.815753499161,138.90876981638363,0.0,0.0,139.65872406116088,4,4,7,/home/user/projects/AIDRBench/results/nature_mainline/commitment_validation_v1/runs/confirmation/resource_gpu_h/H8P16/repeated_f0.25_1011124.parquet,b49a45f68f79fa8038a1c406eb3a966aa4fc4aa199729782de4aed38a7ef90ea,/home/user/projects/AIDRBench/results/nature_mainline/commitment_validation_v1/inputs/confirmation/resource_gpu_h/1011124/H8P16/hourly_seed_1011124,b3489f2034ad5eb188dd68be6fccdae4a6db01da87b3e73056b2533b30d2c7c5
confirmation,resource_gpu_h,1011125,H8P16,0.25,repeated,1.4745607965612355,193.4389798490304,14,True,True,True,0.0,0.0,False,False,False,False,False,False,True,True,0,0.0,32.0,47.185945489959536,46.234915103465,0.9510303864945371,3.410605131648481e-13,8332.419264089294,137.96298843637067,0.0,0.0,155.4632285524729,4,4,3,/home/user/projects/AIDRBench/results/nature_mainline/commitment_validation_v1/runs/confirmation/resource_gpu_h/H8P16/repeated_f0.25_1011125.parquet,71a70e1f62fc3d758c31a443ecadd5b15638cc47928bbbeb6bb27b48982e39d1,/home/user/projects/AIDRBench/results/nature_mainline/commitment_validation_v1/inputs/confirmation/resource_gpu_h/1011125/H8P16/hourly_seed_1011125,b52872a9dd1d06bda50ac277045ca05dd1ba77d8712185d709db5006feee8a0e
confirmation,resource_gpu_h,1011126,H8P16,0.25,repeated,1.4745607965612355,193.4389798490304,18,True,True,True,0.0,0.0,False,False,False,False,False,False,True,True,0,0.0,32.0,47.185945489959536,46.25312442556023,0.932821064399306,3.979039320256561e-13,8558.384221912125,138.33180133105918,0.0,0.0,149.60727774062676,1,1,4,/home/user/projects/AIDRBench/results/nature_mainline/commitment_validation_v1/runs/confirmation/resource_gpu_h/H8P16/repeated_f0.25_1011126.parquet,9755f93625b7c8a1b477d550c3c246ff1ec4515807b8055aa444ec49cfb47f63,/home/user/projects/AIDRBench/results/nature_mainline/commitment_validation_v1/inputs/confirmation/resource_gpu_h/1011126/H8P16/hourly_seed_1011126,0f9fe8e22b9114fb5c326625165b06610c47d9e46386891de41c36d5c3721160
confirmation,resource_gpu_h,1011127,H8P16,0.25,repeated,1.4745607965612355,193.4389798490304,2,True,True,True,0.0,0.0,False,False,False,False,False,False,True,True,0,0.0,32.0,47.185945489959536,46.34643814431436,0.839507345645174,1.7053025658242404e-13,8274.44034082456,139.0331247884675,0.0,0.0,148.3632741441988,1,1,4,/home/user/projects/AIDRBench/results/nature_mainline/commitment_validation_v1/runs/confirmation/resource_gpu_h/H8P16/repeated_f0.25_1011127.parquet,9e350a6a100cb128088d81620639998d30aa0e12c44918183d3e7e340facbb11,/home/user/projects/AIDRBench/results/nature_mainline/commitment_validation_v1/inputs/confirmation/resource_gpu_h/1011127/H8P16/hourly_seed_1011127,18154111fe81e2da508a3ba3077af75945309bd850cfe2b0fb98f103970255c4
confirmation,resource_gpu_h,1011128,H8P16,0.25,repeated,1.4745607965612355,193.4389798490304,17,True,True,True,0.0,0.0,False,False,False,False,False,False,True,True,0,0.0,32.0,47.185945489959536,46.328050864671866,0.8578946252876705,0.8129169741640112,8672.007406927954,138.23107268499564,0.0,0.0,155.6323470434868,0,0,1,/home/user/projects/AIDRBench/results/nature_mainline/commitment_validation_v1/runs/confirmation/resource_gpu_h/H8P16/repeated_f0.25_1011128.parquet,6b6f0791aa1b2e3f18211cdcf458ab4c5d9e9c2ac7ce64302b5b4e65584c668e,/home/user/projects/AIDRBench/results/nature_mainline/commitment_validation_v1/inputs/confirmation/resource_gpu_h/1011128/H8P16/hourly_seed_1011128,99afe55fd986e320110f5fb5f80b59c9f6eb25e3077995e40fc58540390f1cae
confirmation,resource_gpu_h,1011129,H8P16,0.25,repeated,1.4745607965612355,193.4389798490304,3,True,True,True,0.0,0.0,False,False,False,False,False,False,True,True,0,0.0,32.0,47.185945489959536,46.41928739634906,0.7666580936104737,-5.684341886080802e-14,8188.615737636894,140.11840465403154,0.0,0.0,148.85128704456065,1,1,3,/home/user/projects/AIDRBench/results/nature_mainline/commitment_validation_v1/runs/confirmation/resource_gpu_h/H8P16/repeated_f0.25_1011129.parquet,52150792d8cc3c8a3486ebd40c2e878172cca86b56c7b142022279b39fb52d4f,/home/user/projects/AIDRBench/results/nature_mainline/commitment_validation_v1/inputs/confirmation/resource_gpu_h/1011129/H8P16/hourly_seed_1011129,f8eae4af6e13179b4f0df6bed4a5008a8aa6f75ba8eef92a980b7cea7cbd7f79
confirmation,resource_gpu_h,1011130,H8P16,0.25,repeated,1.4745607965612355,193.4389798490304,20,True,True,True,0.0,0.0,False,False,False,False,False,False,True,True,0,0.0,32.0,47.185945489959536,46.31970138049846,0.8662441094610784,5.398987923399545e-10,8227.03927104673,138.4476177364135,0.0,0.0,146.95166472886962,0,0,3,/home/user/projects/AIDRBench/results/nature_mainline/commitment_validation_v1/runs/confirmation/resource_gpu_h/H8P16/repeated_f0.25_1011130.parquet,47a8460da437f44f54f1cdf94a44f42dcb074909eb81b0d908635dce05fb2a70,/home/user/projects/AIDRBench/results/nature_mainline/commitment_validation_v1/inputs/confirmation/resource_gpu_h/1011130/H8P16/hourly_seed_1011130,b3b2ea09d367ec2ef58e86acda152d56a642294eef3d6751a39b630c0093b443
confirmation,resource_gpu_h,1011131,H8P16,0.25,repeated,1.4745607965612355,193.4389798490304,3,True,True,True,0.0,0.0,False,False,False,False,False,False,True,True,0,0.0,32.0,47.185945489959536,46.37029998330905,0.8156455066504833,5.684341886080802e-14,8350.041166656425,139.36666869620956,0.0,0.0,153.3728445811844,1,1,0,/home/user/projects/AIDRBench/results/nature_mainline/commitment_validation_v1/runs/confirmation/resource_gpu_h/H8P16/repeated_f0.25_1011131.parquet,53297828b944abccb9f0596fe0330a3ec8314464bd09928e8bbd20b3640e4b99,/home/user/projects/AIDRBench/results/nature_mainline/commitment_validation_v1/inputs/confirmation/resource_gpu_h/1011131/H8P16/hourly_seed_1011131,e775acc9e5eb506aa5a5f4be9674059ef29f59b058cc2ba99b9b6f7b85fb7001
confirmation,resource_gpu_h,1011132,H8P16,0.25,repeated,1.4745607965612355,193.4389798490304,15,True,True,True,0.0,0.0,False,False,False,False,False,False,True,True,0,0.0,32.0,47.185945489959536,46.26807930883385,0.9178661811256887,-5.684341886080802e-14,8337.603118989078,139.85937188624456,0.0,0.0,153.9359521566558,0,0,5,/home/user/projects/AIDRBench/results/nature_mainline/commitment_validation_v1/runs/confirmation/resource_gpu_h/H8P16/repeated_f0.25_1011132.parquet,49f7c4df2b478a5eac9859e6d076cada09a74b55ff5658d2e3c54cfddb63060e,/home/user/projects/AIDRBench/results/nature_mainline/commitment_validation_v1/inputs/confirmation/resource_gpu_h/1011132/H8P16/hourly_seed_1011132,a7a13b3cdde1c36d5a7e594b7af4023d9213e1d0ac227a15c0782e53be6b42ab
confirmation,resource_gpu_h,1011133,H8P16,0.25,repeated,1.4745607965612355,193.4389798490304,22,True,True,True,2.09277040141842e-14,3.3271812700613374e-18,False,False,False,False,False,False,True,True,0,0.0,32.0,47.185945489959536,46.29108502952565,0.8948604604338897,1.9617885982370353e-07,8333.867250107287,137.58914393775484,2.09277040141842e-14,0.0,155.7993118153076,3,3,6,/home/user/projects/AIDRBench/results/nature_mainline/commitment_validation_v1/runs/confirmation/resource_gpu_h/H8P16/repeated_f0.25_1011133.parquet,0e6d9e9407abc591e67bb7a68457dee27839f14f58beb82077880a30ffbbb9f1,/home/user/projects/AIDRBench/results/nature_mainline/commitment_validation_v1/inputs/confirmation/resource_gpu_h/1011133/H8P16/hourly_seed_1011133,7c5c95a5db57bdfaa651680d8bf025ef555512c6351483f3bf81d04901bef8ed
confirmation,resource_gpu_h,1011134,H8P16,0.25,repeated,1.4745607965612355,193.4389798490304,0,True,True,True,0.0,0.0,False,False,False,False,False,False,True,True,0,0.0,32.0,47.185945489959536,46.60819555827545,0.5777499316840888,8.880050472725998e-08,8044.295741640368,139.31385248697637,0.0,0.0,155.94579867879432,4,4,6,/home/user/projects/AIDRBench/results/nature_mainline/commitment_validation_v1/runs/confirmation/resource_gpu_h/H8P16/repeated_f0.25_1011134.parquet,168e3267a5eb982f7502a30c7f6807cbf25dff50ac4b2695df900591d5637e65,/home/user/projects/AIDRBench/results/nature_mainline/commitment_validation_v1/inputs/confirmation/resource_gpu_h/1011134/H8P16/hourly_seed_1011134,7b85d3bff939c52950c911c07d969531c27942a15e411e6686fe927324a7c2bf
confirmation,resource_gpu_h,1011135,H8P16,0.25,repeated,1.4745607965612355,193.4389798490304,14,True,True,True,0.0,0.0,False,False,False,False,False,False,True,True,0,0.0,32.0,47.185945489959536,46.12760171403437,1.0583437759251666,-1.1368683772161603e-13,9128.172995528372,139.38769229202944,0.0,0.0,162.22584524724368,1,1,5,/home/user/projects/AIDRBench/results/nature_mainline/commitment_validation_v1/runs/confirmation/resource_gpu_h/H8P16/repeated_f0.25_1011135.parquet,f458df11958132e27103275a11b914cdb0d3ad40cb0ef90a722f5530a2aebabc,/home/user/projects/AIDRBench/results/nature_mainline/commitment_validation_v1/inputs/confirmation/resource_gpu_h/1011135/H8P16/hourly_seed_1011135,392b830c5f91ed416c663590007c3891011845666e70c8ad9585fc33e10b67bd
confirmation,resource_gpu_h,1011136,H8P16,0.25,repeated,1.4745607965612355,193.4389798490304,4,True,True,True,2.886579864025407e-15,4.58921554491219e-19,False,False,False,False,False,False,True,True,0,0.0,32.0,47.185945489959536,46.30309448909591,0.8828510008636243,1.9024361108677112e-07,8024.75677734684,138.42789810279714,2.886579864025407e-15,0.0,151.9575656308059,1,1,5,/home/user/projects/AIDRBench/results/nature_mainline/commitment_validation_v1/runs/confirmation/resource_gpu_h/H8P16/repeated_f0.25_1011136.parquet,f69b0a1cffce39f0cfbdb9752e4e3471478f3e2e080f1b2166d90d1ee972bac5,/home/user/projects/AIDRBench/results/nature_mainline/commitment_validation_v1/inputs/confirmation/resource_gpu_h/1011136/H8P16/hourly_seed_1011136,c9011dd6bbf1274d2ba55cfdb21dd96bf5f8d34723482ce4e4da8d5c211af1f5
confirmation,resource_gpu_h,1011137,H8P16,0.25,repeated,1.4745607965612355,193.4389798490304,18,True,True,True,0.0,0.0,False,False,False,False,False,False,True,True,0,0.0,32.0,47.185945489959536,46.48746770925462,0.6984777807049198,7.957203251862666e-08,8522.463522833741,139.701400287889,0.0,0.0,146.60453111102774,0,0,7,/home/user/projects/AIDRBench/results/nature_mainline/commitment_validation_v1/runs/confirmation/resource_gpu_h/H8P16/repeated_f0.25_1011137.parquet,91d9e89d407db1e6bbc02aa20d15926e7fc8b504f9e2f1fc5fb7b64141836f33,/home/user/projects/AIDRBench/results/nature_mainline/commitment_validation_v1/inputs/confirmation/resource_gpu_h/1011137/H8P16/hourly_seed_1011137,1c9361a810f3d09a09ee978c78c51e80f6b9a404f3a4c699e69a17fdb7bfe0b4
confirmation,resource_gpu_h,1011138,H8P16,0.25,repeated,1.4745607965612355,193.4389798490304,18,True,True,True,0.0,0.0,False,False,False,False,False,False,True,True,0,0.0,32.0,47.185945489959536,46.246739961744424,0.9392055282151119,1.1368683772161603e-13,8430.725770474175,138.09123942853614,0.0,0.0,149.30296083669873,1,1,4,/home/user/projects/AIDRBench/results/nature_mainline/commitment_validation_v1/runs/confirmation/resource_gpu_h/H8P16/repeated_f0.25_1011138.parquet,396c224c7277d235dfa25b07690ca1ac78797ce55f931843a25956646b67bf5b,/home/user/projects/AIDRBench/results/nature_mainline/commitment_validation_v1/inputs/confirmation/resource_gpu_h/1011138/H8P16/hourly_seed_1011138,0f153576cf4fd09d8cbbd8f105066e9a54fac1d4e5bd82e43c62603911e27447
confirmation,resource_gpu_h,1011139,H8P16,0.25,repeated,1.4745607965612355,193.4389798490304,22,True,True,True,3.272382365082649e-14,5.2025818533187225e-18,False,False,False,False,False,False,True,True,0,0.0,32.0,47.185945489959536,46.407505865944586,0.7784396240149505,5.115907697472721e-13,7451.2882604309925,140.1032029670581,3.272382365082649e-14,0.0,139.27851166212108,3,3,1,/home/user/projects/AIDRBench/results/nature_mainline/commitment_validation_v1/runs/confirmation/resource_gpu_h/H8P16/repeated_f0.25_1011139.parquet,a9f95a109caaae3d523e6a1ca7770af9d8fed59b593ce4fb87012633049f1d79,/home/user/projects/AIDRBench/results/nature_mainline/commitment_validation_v1/inputs/confirmation/resource_gpu_h/1011139/H8P16/hourly_seed_1011139,5d82f0af27913584d6a5026915c22a116c069baf2e87bab03cce7c2c656e9d8f
confirmation,resource_gpu_h,1011140,H8P16,0.25,repeated,1.4745607965612355,193.4389798490304,2,True,True,True,9.992007221626409e-16,1.5885746117003732e-19,False,False,False,False,False,False,True,True,0,0.0,32.0,47.185945489959536,46.38251715258733,0.8034283373722033,4.6352010940609034e-07,7371.278030493794,140.01547134470397,9.992007221626409e-16,0.0,146.02070222014427,1,1,6,/home/user/projects/AIDRBench/results/nature_mainline/commitment_validation_v1/runs/confirmation/resource_gpu_h/H8P16/repeated_f0.25_1011140.parquet,e056f7e3816956b180c872b884220a162c800a021ccc51762e6055cbb9082056,/home/user/projects/AIDRBench/results/nature_mainline/commitment_validation_v1/inputs/confirmation/resource_gpu_h/1011140/H8P16/hourly_seed_1011140,c02e9004d865e380d24bc9cd6a9d76a75cf003f2fef59b631a90e04113229c24
confirmation,resource_gpu_h,1011141,H8P16,0.25,repeated,1.4745607965612355,193.4389798490304,13,True,True,True,5.273559366969494e-16,8.384143783974192e-20,False,False,False,False,False,False,True,True,0,0.0,32.0,47.185945489959536,46.2385886368825,0.9473568530770393,1.5669399999751477e-08,8084.180042267206,139.15560615651918,5.273559366969494e-16,0.0,147.51841285290732,0,0,5,/home/user/projects/AIDRBench/results/nature_mainline/commitment_validation_v1/runs/confirmation/resource_gpu_h/H8P16/repeated_f0.25_1011141.parquet,f58f7529e82b85e09ce30c2391c449bda5d229d841fa0d25a29198828396f79c,/home/user/projects/AIDRBench/results/nature_mainline/commitment_validation_v1/inputs/confirmation/resource_gpu_h/1011141/H8P16/hourly_seed_1011141,fbc1a9ffae96e39d533f6b8551cfd9a64bfc93a21751395211f0fb3165ff0886
confirmation,resource_gpu_h,1011142,H8P16,0.25,repeated,1.4745607965612355,193.4389798490304,14,True,True,True,1.2490009027033011e-15,1.9857182646254666e-19,False,False,False,False,False,False,True,True,0,0.0,32.0,47.185945489959536,46.33352236267757,0.8524231272819662,-5.684341886080801e-13,8143.744906421738,138.8599275298273,1.2490009027033011e-15,0.0,155.05235704991048,5,5,6,/home/user/projects/AIDRBench/results/nature_mainline/commitment_validation_v1/runs/confirmation/resource_gpu_h/H8P16/repeated_f0.25_1011142.parquet,18f6113837fe7506fce0f406b8ac8535d1beb9a02a2f36699c9be2862aed0cc9,/home/user/projects/AIDRBench/results/nature_mainline/commitment_validation_v1/inputs/confirmation/resource_gpu_h/1011142/H8P16/hourly_seed_1011142,21d37e07a8eb3d49e81c85c7e27c82c0aa644e3341a053029b2eec38afb35b2a
confirmation,resource_gpu_h,1011143,H8P16,0.25,repeated,1.4745607965612355,193.4389798490304,4,True,True,True,0.0,0.0,False,False,False,False,False,False,True,True,0,0.0,32.0,47.185945489959536,46.30575393463232,0.8801915553272153,4.19794446315791e-07,8288.781141390189,141.1231265847149,0.0,0.0,149.0172520372325,0,0,0,/home/user/projects/AIDRBench/results/nature_mainline/commitment_validation_v1/runs/confirmation/resource_gpu_h/H8P16/repeated_f0.25_1011143.parquet,1f51a7857d0bfe6612eb82db305751b8bfb4431a90aaf799fa49361467aa63e2,/home/user/projects/AIDRBench/results/nature_mainline/commitment_validation_v1/inputs/confirmation/resource_gpu_h/1011143/H8P16/hourly_seed_1011143,fc15e931a10f2572291b1c1976e8bb6f8b105582e5314e9eb9d57027e20665aa
confirmation,resource_gpu_h,1011144,H8P16,0.25,repeated,1.4745607965612355,193.4389798490304,1,True,True,True,0.0,0.0,False,False,False,False,False,False,True,True,0,0.0,32.0,47.185945489959536,46.50964749846839,0.6762979914911469,3.0769217573833885e-07,7787.846121054912,140.133349928946,0.0,0.0,153.42502121488127,7,7,6,/home/user/projects/AIDRBench/results/nature_mainline/commitment_validation_v1/runs/confirmation/resource_gpu_h/H8P16/repeated_f0.25_1011144.parquet,475d3e15c0f67ff7fd88b678e10f7fec8c95b778bc0127509ed414143bc790ec,/home/user/projects/AIDRBench/results/nature_mainline/commitment_validation_v1/inputs/confirmation/resource_gpu_h/1011144/H8P16/hourly_seed_1011144,b498bceb33340c0d7f923c214ec40b129ea5f7b673837270058bde341368df4f
confirmation,resource_gpu_h,1011145,H8P16,0.25,repeated,1.4745607965612355,193.4389798490304,17,True,True,True,0.0,0.0,False,False,False,False,False,False,True,True,0,0.0,32.0,47.185945489959536,46.34075000286248,0.8451954870970582,3.979039320256561e-13,8270.748101816233,139.0083925005233,0.0,0.0,147.7630648464666,0,0,6,/home/user/projects/AIDRBench/results/nature_mainline/commitment_validation_v1/runs/confirmation/resource_gpu_h/H8P16/repeated_f0.25_1011145.parquet,42286ec01230d50d82d573c9e113e2dbabb019bceb0262d14b7c445fb3593331,/home/user/projects/AIDRBench/results/nature_mainline/commitment_validation_v1/inputs/confirmation/resource_gpu_h/1011145/H8P16/hourly_seed_1011145,4d10e7dc6e41f25f96ab0f396dc40fe8c5634a51dd3e78caf9ec590dff29a2d0
confirmation,resource_gpu_h,1011146,H8P16,0.25,repeated,1.4745607965612355,193.4389798490304,23,True,True,True,7.549516567451064e-15,1.2002563732847265e-18,False,False,False,False,False,False,True,True,0,0.0,32.0,47.185945489959536,46.25015252231552,0.9357929676440193,3.979039320256561e-13,8226.206553648357,138.22444476582396,7.549516567451064e-15,0.0,158.62439526407945,5,5,6,/home/user/projects/AIDRBench/results/nature_mainline/commitment_validation_v1/runs/confirmation/resource_gpu_h/H8P16/repeated_f0.25_1011146.parquet,1ebbe4f8edcc56b844f99073340fb0634512d53a28a0bcac607c2d806bca91b2,/home/user/projects/AIDRBench/results/nature_mainline/commitment_validation_v1/inputs/confirmation/resource_gpu_h/1011146/H8P16/hourly_seed_1011146,345501cc58c55dae52f201977863943f88e3f3185e899efe244ed0801be8891b
confirmation,resource_gpu_h,1011147,H8P16,0.25,repeated,1.4745607965612355,193.4389798490304,21,True,True,True,2.2037927038809357e-14,3.5036895602502676e-18,False,False,False,False,False,False,True,True,0,0.0,32.0,47.185945489959536,46.324399295810224,0.8615461941493123,2.2979855884841527e-07,7797.911043376989,139.3423446818928,2.2037927038809357e-14,0.0,139.63167113759047,0,0,1,/home/user/projects/AIDRBench/results/nature_mainline/commitment_validation_v1/runs/confirmation/resource_gpu_h/H8P16/repeated_f0.25_1011147.parquet,b41178daa25e662aec7f375d5e01f840adbdf9b8eda5d5163394a1f3d4009c8d,/home/user/projects/AIDRBench/results/nature_mainline/commitment_validation_v1/inputs/confirmation/resource_gpu_h/1011147/H8P16/hourly_seed_1011147,2d5ba9d0026f636f21b61bc143faacdc5455de997583238d4d8ce8880fd32717
confirmation,resource_gpu_h,1011148,H8P16,0.25,repeated,1.4745607965612355,193.4389798490304,7,True,True,True,0.0,0.0,False,False,False,False,False,False,True,True,0,0.0,32.0,47.185945489959536,46.33570108387562,0.8502444060839167,4.505628794504446e-07,8824.377249276018,138.62613340697987,0.0,0.0,168.65462730671456,4,4,1,/home/user/projects/AIDRBench/results/nature_mainline/commitment_validation_v1/runs/confirmation/resource_gpu_h/H8P16/repeated_f0.25_1011148.parquet,f173908d8436f153ce86d34faa615c330a89babe199e338c41185c54d22206f9,/home/user/projects/AIDRBench/results/nature_mainline/commitment_validation_v1/inputs/confirmation/resource_gpu_h/1011148/H8P16/hourly_seed_1011148,ba950fe3ae11a690baf7922cf351b3bc8388992a4c105c766f91c0633813e14b
confirmation,resource_gpu_h,1011149,H8P16,0.25,repeated,1.4745607965612355,193.4389798490304,19,True,True,True,0.0,0.0,False,False,False,False,False,False,True,True,0,0.0,32.0,47.185945489959536,46.126129050955626,1.0598164390039102,6.27313412959893,9733.328436752587,137.44096944731416,0.0,0.0,164.31199075418647,1,1,0,/home/user/projects/AIDRBench/results/nature_mainline/commitment_validation_v1/runs/confirmation/resource_gpu_h/H8P16/repeated_f0.25_1011149.parquet,d20615577dc240c3621a0ce64fc4e0999cba706982bcc3688b40c4822343586a,/home/user/projects/AIDRBench/results/nature_mainline/commitment_validation_v1/inputs/confirmation/resource_gpu_h/1011149/H8P16/hourly_seed_1011149,9bc4b3ab2f907cf2cfe698c2527c65c5741ebd75ebcabfc993d0e58a0c729723
confirmation,resource_gpu_h,1011150,H8P16,0.25,repeated,1.4745607965612355,193.4389798490304,14,True,True,True,0.0,0.0,False,False,False,False,False,False,True,True,0,0.0,32.0,47.185945489959536,46.10344712760548,1.082498362354059,-1.7053025658242404e-13,7713.023889320826,137.21544307510806,0.0,0.0,150.09338701516663,2,2,4,/home/user/projects/AIDRBench/results/nature_mainline/commitment_validation_v1/runs/confirmation/resource_gpu_h/H8P16/repeated_f0.25_1011150.parquet,37b3ba025d33ed8dbbd57766dd7fdbf2789c8387173ceee6277a7ccc632d2e0f,/home/user/projects/AIDRBench/results/nature_mainline/commitment_validation_v1/inputs/confirmation/resource_gpu_h/1011150/H8P16/hourly_seed_1011150,291a184af61353640c59f56ffd136f2397b9e7783a9ba4a9facbb06af378e657
confirmation,resource_gpu_h,1011151,H8P16,0.25,repeated,1.4745607965612355,193.4389798490304,19,True,True,True,0.0,0.0,False,False,False,False,False,False,True,True,0,0.0,32.0,47.185945489959536,46.17191956009606,1.0140259298634788,5.684341886080801e-13,8140.232269626221,138.73436610958453,0.0,0.0,143.4004644104574,0,0,6,/home/user/projects/AIDRBench/results/nature_mainline/commitment_validation_v1/runs/confirmation/resource_gpu_h/H8P16/repeated_f0.25_1011151.parquet,f01737a067286b0b7aa838792b33454234a6ebe197f293af6efa26f8c2961191,/home/user/projects/AIDRBench/results/nature_mainline/commitment_validation_v1/inputs/confirmation/resource_gpu_h/1011151/H8P16/hourly_seed_1011151,6a39b6c8c5ade769166cbbe0e738c864ddee5d86cb26993254681a6f6171fcf1
confirmation,resource_gpu_h,1011152,H8P16,0.25,repeated,1.4745607965612355,193.4389798490304,3,True,True,True,0.0,0.0,False,False,False,False,False,False,True,True,0,0.0,32.0,47.185945489959536,46.57503388320194,0.6109116067575968,-5.115907697472721e-13,8275.768933760817,140.2348646793421,0.0,0.0,150.80267653611872,0,0,3,/home/user/projects/AIDRBench/results/nature_mainline/commitment_validation_v1/runs/confirmation/resource_gpu_h/H8P16/repeated_f0.25_1011152.parquet,964ca1fae43f3a14583369431aab49696e5de40872ab64ee3e32b7a764202637,/home/user/projects/AIDRBench/results/nature_mainline/commitment_validation_v1/inputs/confirmation/resource_gpu_h/1011152/H8P16/hourly_seed_1011152,8b64ee09c2968ed003cf8f48c14dfd84dbe7ebb59e012a24c5667634ed55279e
confirmation,resource_gpu_h,1011153,H8P16,0.25,repeated,1.4745607965612355,193.4389798490304,9,True,True,True,0.0,0.0,False,False,False,False,False,False,True,True,0,0.0,32.0,47.185945489959536,46.138777847084015,1.0471676428755217,2.485010668351606e-07,9081.95345080814,137.95283148436135,0.0,0.0,171.37331025629499,2,2,2,/home/user/projects/AIDRBench/results/nature_mainline/commitment_validation_v1/runs/confirmation/resource_gpu_h/H8P16/repeated_f0.25_1011153.parquet,81f82dc51c297d590a7a29819842585a301f264c7d81aaf0b1e0a6facb75aa63,/home/user/projects/AIDRBench/results/nature_mainline/commitment_validation_v1/inputs/confirmation/resource_gpu_h/1011153/H8P16/hourly_seed_1011153,1dd86c6f12d6bafdef4e028f83a7328636727db1655942fd24f27076f6d56e51
confirmation,resource_gpu_h,1011154,H8P16,0.25,repeated,1.4745607965612355,193.4389798490304,14,True,True,True,3.8413716652030416e-14,6.10718684053699e-18,False,False,False,False,False,False,True,True,0,0.0,32.0,47.185945489959536,46.072266291316254,1.1136791986432826,5.5406189858331345e-08,8577.742397243313,143.82732785558744,3.8413716652030416e-14,0.0,159.24164081657875,1,1,0,/home/user/projects/AIDRBench/results/nature_mainline/commitment_validation_v1/runs/confirmation/resource_gpu_h/H8P16/repeated_f0.25_1011154.parquet,1aebbdc37e56b4a90b165a2b2e529d419480de33f1ef37b635d1335d5156c0e8,/home/user/projects/AIDRBench/results/nature_mainline/commitment_validation_v1/inputs/confirmation/resource_gpu_h/1011154/H8P16/hourly_seed_1011154,8186a7f1e936f3530c0019d027d57784c2bf5711ef42160c2549114da7bb6092
confirmation,resource_gpu_h,1011155,H8P16,0.25,repeated,1.4745607965612355,193.4389798490304,0,True,True,True,0.0,0.0,False,False,False,False,False,False,True,True,0,0.0,32.0,47.185945489959536,46.35228845938758,0.8336570305719562,1.518382077847491e-07,8518.487195809998,138.96993590328634,0.0,0.0,150.46666899310702,5,5,7,/home/user/projects/AIDRBench/results/nature_mainline/commitment_validation_v1/runs/confirmation/resource_gpu_h/H8P16/repeated_f0.25_1011155.parquet,ad4ab44b2b64d93e4f2e9ce8c6007731ef0f96bebfb2f341a65bb36da6f080a7,/home/user/projects/AIDRBench/results/nature_mainline/commitment_validation_v1/inputs/confirmation/resource_gpu_h/1011155/H8P16/hourly_seed_1011155,6b27974339a6d174fd7799e2fc1cf4e8519953071ca1b8ee8a0f989b48169fa8
confirmation,resource_gpu_h,1011156,H8P16,0.25,repeated,1.4745607965612355,193.4389798490304,19,True,True,True,0.0,0.0,False,False,False,False,False,False,True,True,0,0.0,32.0,47.185945489959536,46.193167406015704,0.9927780839438327,7.389644451905042e-13,8129.8335932904065,138.57307135126467,0.0,0.0,143.31016057220438,0,0,6,/home/user/projects/AIDRBench/results/nature_mainline/commitment_validation_v1/runs/confirmation/resource_gpu_h/H8P16/repeated_f0.25_1011156.parquet,7e1cfb810d5d860df0c8dbf95b84b11b444fde2626800277375fd62d33d0af55,/home/user/projects/AIDRBench/results/nature_mainline/commitment_validation_v1/inputs/confirmation/resource_gpu_h/1011156/H8P16/hourly_seed_1011156,e04e4b9a5bdff56d78130d3cf9ada4fe4c7ad4592c9be6ca903038a71c748709
confirmation,resource_gpu_h,1011157,H8P16,0.25,repeated,1.4745607965612355,193.4389798490304,20,True,True,True,0.0,0.0,False,False,False,False,False,False,True,True,0,0.0,32.0,47.185945489959536,46.27085559998599,0.9150898899735438,2.965239000277677,9068.15946894138,138.15804056359835,0.0,0.0,155.6289577120125,1,1,5,/home/user/projects/AIDRBench/results/nature_mainline/commitment_validation_v1/runs/confirmation/resource_gpu_h/H8P16/repeated_f0.25_1011157.parquet,716ab225f95e436e159935acdcc470cea806db0b2147d4338c5a24d5b1c564d6,/home/user/projects/AIDRBench/results/nature_mainline/commitment_validation_v1/inputs/confirmation/resource_gpu_h/1011157/H8P16/hourly_seed_1011157,5ddd77fd772a71582379b650c9e171539b7d50bce9d5f56e56bdeca5691c783e
confirmation,resource_gpu_h,1011158,H8P16,0.25,repeated,1.4745607965612355,193.4389798490304,21,True,True,True,0.0,0.0,False,False,False,False,False,False,True,True,0,0.0,32.0,47.185945489959536,46.21191409268346,0.9740313972760788,0.0,7668.537124352904,138.48419609790534,0.0,0.0,138.46874290566248,1,1,6,/home/user/projects/AIDRBench/results/nature_mainline/commitment_validation_v1/runs/confirmation/resource_gpu_h/H8P16/repeated_f0.25_1011158.parquet,d94ce9130aa949d45fcc03b2890aa63a94c6359de34b102534fbafc29e657b20,/home/user/projects/AIDRBench/results/nature_mainline/commitment_validation_v1/inputs/confirmation/resource_gpu_h/1011158/H8P16/hourly_seed_1011158,71d63dabab6b1db7f2923bf187b43f4acc1a93765b0de162420a84170054f400
confirmation,resource_gpu_h,1011159,H8P16,0.25,repeated,1.4745607965612355,193.4389798490304,14,True,True,True,0.0,0.0,False,False,False,False,False,False,True,True,0,0.0,32.0,47.185945489959536,46.23682460563515,0.9491208843243868,-2.8421709430404007e-13,8510.69013843656,137.29836753588745,0.0,0.0,158.74640162689371,3,3,1,/home/user/projects/AIDRBench/results/nature_mainline/commitment_validation_v1/runs/confirmation/resource_gpu_h/H8P16/repeated_f0.25_1011159.parquet,5a95fc61f47e289d9b4cd0fb1279583f383425a2402d64ed2847ff4ee5500976,/home/user/projects/AIDRBench/results/nature_mainline/commitment_validation_v1/inputs/confirmation/resource_gpu_h/1011159/H8P16/hourly_seed_1011159,c7d6caeb5841d8c92fc0c8e00885e060874052fb51633244e60948f06d0ffaed
confirmation,resource_gpu_h,1011160,H8P16,0.25,repeated,1.4745607965612355,193.4389798490304,10,True,True,True,0.0,0.0,False,False,False,False,False,False,True,True,0,0.0,32.0,47.185945489959536,46.183297298075786,1.0026481918837504,2.313925051566912e-09,8069.395442732548,137.85475753010303,0.0,0.0,156.34962879103693,1,1,4,/home/user/projects/AIDRBench/results/nature_mainline/commitment_validation_v1/runs/confirmation/resource_gpu_h/H8P16/repeated_f0.25_1011160.parquet,a3e8487d6db96140e1e51298c31015035881ad3d89a1efc9613005b7aa6d9aa8,/home/user/projects/AIDRBench/results/nature_mainline/commitment_validation_v1/inputs/confirmation/resource_gpu_h/1011160/H8P16/hourly_seed_1011160,4518397e2f6c55fff6a4bd13a8599acdb5b326618268b0b7be77c8625ea9ae98
confirmation,resource_gpu_h,1011161,H8P16,0.25,repeated,1.4745607965612355,193.4389798490304,19,True,True,True,0.0,0.0,False,False,False,False,False,False,True,True,0,0.0,32.0,47.185945489959536,46.29555505165351,0.8903904383060279,6.252776074688882e-13,7994.996068816741,138.61641435882913,0.0,0.0,140.92475848880747,1,1,6,/home/user/projects/AIDRBench/results/nature_mainline/commitment_validation_v1/runs/confirmation/resource_gpu_h/H8P16/repeated_f0.25_1011161.parquet,b402300acd1584bc36635fb52389ca5e3c067245fe21362bc6c107aa14e63906,/home/user/projects/AIDRBench/results/nature_mainline/commitment_validation_v1/inputs/confirmation/resource_gpu_h/1011161/H8P16/hourly_seed_1011161,6e0a5fbbcea6f7a60baefe0e81a1c9bde9e5f93bcdaf04bccb7615c25b03584a
confirmation,resource_gpu_h,1011162,H8P16,0.25,repeated,1.4745607965612355,193.4389798490304,1,True,True,True,0.0,0.0,False,False,False,False,False,False,True,True,0,0.0,32.0,47.185945489959536,46.3674718774686,0.8184736124909335,-1.1368683772161603e-13,8409.676833004396,139.10314896651622,0.0,0.0,148.46868377598227,4,4,2,/home/user/projects/AIDRBench/results/nature_mainline/commitment_validation_v1/runs/confirmation/resource_gpu_h/H8P16/repeated_f0.25_1011162.parquet,b5c8152b59896ed2aeb73a7e983fc86cf71ce9b68a6d7e5865fd64424672e7f5,/home/user/projects/AIDRBench/results/nature_mainline/commitment_validation_v1/inputs/confirmation/resource_gpu_h/1011162/H8P16/hourly_seed_1011162,f9d3783928fa23ca5b04c95a6c459dd91ea49607b5c7f6964a4573bc690a9917
confirmation,resource_gpu_h,1011163,H8P16,0.25,repeated,1.4745607965612355,193.4389798490304,21,True,True,True,0.0,0.0,False,False,False,False,False,False,True,True,0,0.0,32.0,47.185945489959536,46.333329652220385,0.8526158377391511,-1.1368683772161603e-13,7506.350722685648,139.86905005163334,0.0,0.0,135.18309945162417,0,0,3,/home/user/projects/AIDRBench/results/nature_mainline/commitment_validation_v1/runs/confirmation/resource_gpu_h/H8P16/repeated_f0.25_1011163.parquet,f62616e6041d92927e2f5c54de9165b23f5bff0c38239e001b444841a376ba1f,/home/user/projects/AIDRBench/results/nature_mainline/commitment_validation_v1/inputs/confirmation/resource_gpu_h/1011163/H8P16/hourly_seed_1011163,32fe1d0282e3117710694fe19aba3375adf2e61017c3a9b6ce651903254ebf62
confirmation,resource_gpu_h,1011164,H8P16,0.25,repeated,1.4745607965612355,193.4389798490304,11,True,True,True,0.0,0.0,False,False,False,False,False,False,True,True,0,0.0,32.0,47.185945489959536,46.1164989187352,1.0694465712243328,2.2737367544323206e-13,8341.873563678026,137.3861063109889,0.0,0.0,157.62721156857947,0,0,2,/home/user/projects/AIDRBench/results/nature_mainline/commitment_validation_v1/runs/confirmation/resource_gpu_h/H8P16/repeated_f0.25_1011164.parquet,4e1c831f34ef58ab9934a56ebddcf8e1455ae960fba1268d02630855751c8944,/home/user/projects/AIDRBench/results/nature_mainline/commitment_validation_v1/inputs/confirmation/resource_gpu_h/1011164/H8P16/hourly_seed_1011164,3f0db3e8a4aa468da10242c7075b365f7308b2d86453d11e49da990dc65431c2
confirmation,resource_gpu_h,1011165,H8P16,0.25,repeated,1.4745607965612355,193.4389798490304,23,True,True,True,7.93809462606987e-15,1.2620342748508522e-18,False,False,False,False,False,False,True,True,0,0.0,32.0,47.185945489959536,46.47032226901666,0.7156232209428737,1.327475160906033e-07,8086.43966527255,140.46902615052068,7.93809462606987e-15,0.0,160.70484793101753,3,3,3,/home/user/projects/AIDRBench/results/nature_mainline/commitment_validation_v1/runs/confirmation/resource_gpu_h/H8P16/repeated_f0.25_1011165.parquet,7b772bb6c238571e4268f6f6ec304a473a7c37fce73ae667d4f4b19d62edb5ac,/home/user/projects/AIDRBench/results/nature_mainline/commitment_validation_v1/inputs/confirmation/resource_gpu_h/1011165/H8P16/hourly_seed_1011165,e286332cbf9cdd148dafeb742d928b02862532bd1ab96a23d44416f945f43c1d
confirmation,resource_gpu_h,1011166,H8P16,0.25,repeated,1.4745607965612355,193.4389798490304,16,True,True,True,0.0,0.0,False,False,False,False,False,False,True,True,0,0.0,32.0,47.185945489959536,46.18707195465714,0.9988735353023941,2.447914084768854e-07,9245.950304786991,146.444288720423,0.0,0.0,166.84722764946093,5,5,0,/home/user/projects/AIDRBench/results/nature_mainline/commitment_validation_v1/runs/confirmation/resource_gpu_h/H8P16/repeated_f0.25_1011166.parquet,9922c6edad643a337bf37de234cffffc3c135133407ecd17bca673cb81d634fb,/home/user/projects/AIDRBench/results/nature_mainline/commitment_validation_v1/inputs/confirmation/resource_gpu_h/1011166/H8P16/hourly_seed_1011166,bd30dad3fbf814385607ae7690f5a07d0533f95fe0fefab4cb27400f2ef35d19
confirmation,resource_gpu_h,1011167,H8P16,0.25,repeated,1.4745607965612355,193.4389798490304,18,True,True,True,0.0,0.0,False,False,False,False,False,False,True,True,0,0.0,32.0,47.185945489959536,46.22959839429345,0.9563470956660893,5.684341886080802e-14,8073.418767512538,138.07389703990614,0.0,0.0,144.23866849103484,0,0,4,/home/user/projects/AIDRBench/results/nature_mainline/commitment_validation_v1/runs/confirmation/resource_gpu_h/H8P16/repeated_f0.25_1011167.parquet,1cdb1b3da8ac288f9429cb62d63fc4b78c937ad5006052d1378bdc93fbc2a418,/home/user/projects/AIDRBench/results/nature_mainline/commitment_validation_v1/inputs/confirmation/resource_gpu_h/1011167/H8P16/hourly_seed_1011167,172039a357bb30983ca97fb9fca1e96880b4a27fbbb84fe9dabc54909ab65fe9
confirmation,resource_gpu_h,1011168,H8P16,0.25,repeated,1.4745607965612355,193.4389798490304,9,True,True,True,0.0,0.0,False,False,False,False,False,False,True,True,0,0.0,32.0,47.185945489959536,46.24525674577495,0.9406887441845839,1.7053025658242404e-13,9452.46940289094,138.817872185169,0.0,0.0,173.4073697683199,5,5,0,/home/user/projects/AIDRBench/results/nature_mainline/commitment_validation_v1/runs/confirmation/resource_gpu_h/H8P16/repeated_f0.25_1011168.parquet,efee9b1a92a2426a40343d949bf2cdb34c751bd0a69fde42d2b7f66a27e70d2f,/home/user/projects/AIDRBench/results/nature_mainline/commitment_validation_v1/inputs/confirmation/resource_gpu_h/1011168/H8P16/hourly_seed_1011168,eb50488e8bb72b760a4f82a42665c52de9f6979e38114016203530ccc04f334b
confirmation,resource_gpu_h,1011169,H8P16,0.25,repeated,1.4745607965612355,193.4389798490304,14,True,True,True,0.0,0.0,False,False,False,False,False,False,True,True,0,0.0,32.0,47.185945489959536,46.2005086233205,0.9854368666390343,-3.410605131648481e-13,8645.238189542957,137.75686214158162,0.0,0.0,156.4965553548533,3,3,7,/home/user/projects/AIDRBench/results/nature_mainline/commitment_validation_v1/runs/confirmation/resource_gpu_h/H8P16/repeated_f0.25_1011169.parquet,d4eb79079197acb8995b56937d48e9281a095a02543bcc5555bf4ec3901b73e8,/home/user/projects/AIDRBench/results/nature_mainline/commitment_validation_v1/inputs/confirmation/resource_gpu_h/1011169/H8P16/hourly_seed_1011169,164be4fbade4771e64deedc5192ac92b91f811257171b85cbd69c188a5b1692b
confirmation,resource_gpu_h,1011170,H8P16,0.25,repeated,1.4745607965612355,193.4389798490304,9,True,True,True,0.0,0.0,False,False,False,False,False,False,True,True,0,0.0,32.0,47.185945489959536,46.28830299920821,0.8976424907513234,2.485009531483229e-07,9092.48498750648,138.01795921473095,0.0,0.0,171.73833529978256,6,6,2,/home/user/projects/AIDRBench/results/nature_mainline/commitment_validation_v1/runs/confirmation/resource_gpu_h/H8P16/repeated_f0.25_1011170.parquet,b93af3a490f2208b0995e922b4fb2f8019a72b3669340807366f72805b9ef097,/home/user/projects/AIDRBench/results/nature_mainline/commitment_validation_v1/inputs/confirmation/resource_gpu_h/1011170/H8P16/hourly_seed_1011170,6127b474f14d5f47a6a4b7b178ba9d841c3ccf38558e217e3c4c7e7bfff544d3
confirmation,resource_gpu_h,1011171,H8P16,0.25,repeated,1.4745607965612355,193.4389798490304,4,True,True,True,1.4432899320127035e-15,2.2946077724560944e-19,False,False,False,False,False,False,True,True,0,0.0,32.0,47.185945489959536,46.242311398792765,0.9436340911667713,4.635203367797658e-07,7764.811627672839,139.55822021162646,1.4432899320127035e-15,0.0,157.38297545770678,2,2,6,/home/user/projects/AIDRBench/results/nature_mainline/commitment_validation_v1/runs/confirmation/resource_gpu_h/H8P16/repeated_f0.25_1011171.parquet,187759233f748da698e0f7fd023b04226d4723985ef8bd70e5944e573fcfe7b0,/home/user/projects/AIDRBench/results/nature_mainline/commitment_validation_v1/inputs/confirmation/resource_gpu_h/1011171/H8P16/hourly_seed_1011171,8ca5a6246162a04b259cb7a0102daabec26fbc827f4543c797c10ac09b62be40
confirmation,resource_gpu_h,1011172,H8P16,0.25,repeated,1.4745607965612355,193.4389798490304,13,True,True,True,0.0,0.0,False,False,False,False,False,False,True,True,0,0.0,32.0,47.185945489959536,46.13368483685579,1.052260653103744,8.079371127678314e-08,8128.830436747373,137.16345114313856,0.0,0.0,155.82442766211963,1,1,2,/home/user/projects/AIDRBench/results/nature_mainline/commitment_validation_v1/runs/confirmation/resource_gpu_h/H8P16/repeated_f0.25_1011172.parquet,90446fd4031780335536226721992e66c2396309e2e5f02069e9ee6a81adcf18,/home/user/projects/AIDRBench/results/nature_mainline/commitment_validation_v1/inputs/confirmation/resource_gpu_h/1011172/H8P16/hourly_seed_1011172,85149831c4201eae6669149454ab4dec891ce82f234a3c90063c40b081237200
confirmation,resource_gpu_h,1011173,H8P16,0.25,repeated,1.4745607965612355,193.4389798490304,0,True,True,True,0.0,0.0,False,False,False,False,False,False,True,True,0,0.0,32.0,47.185945489959536,46.15422151043097,1.0317239795285644,9.388821808897774e-08,8030.003613382047,139.10885637064044,0.0,0.0,151.78326100745105,8,8,0,/home/user/projects/AIDRBench/results/nature_mainline/commitment_validation_v1/runs/confirmation/resource_gpu_h/H8P16/repeated_f0.25_1011173.parquet,400c3421e111c61efcac977172d32979824eba80c5c97f38c2b52c45737f0a4f,/home/user/projects/AIDRBench/results/nature_mainline/commitment_validation_v1/inputs/confirmation/resource_gpu_h/1011173/H8P16/hourly_seed_1011173,78e4a35dc5caf2456ac3994d21aa681b2a46805706dd04a202e9294a7e4eb111
confirmation,resource_gpu_h,1011174,H8P16,0.25,repeated,1.4745607965612355,193.4389798490304,22,True,True,True,0.0,0.0,False,False,False,False,False,False,True,True,0,0.0,32.0,47.185945489959536,46.489524227615995,0.6964212623435415,5.684341886080801e-13,8112.992182225877,139.94902458609184,0.0,0.0,155.77875770080152,4,4,1,/home/user/projects/AIDRBench/results/nature_mainline/commitment_validation_v1/runs/confirmation/resource_gpu_h/H8P16/repeated_f0.25_1011174.parquet,12be03c451186171373debc71a303aa656cf25e81b7e45440efa11523131580a,/home/user/projects/AIDRBench/results/nature_mainline/commitment_validation_v1/inputs/confirmation/resource_gpu_h/1011174/H8P16/hourly_seed_1011174,8854b417e032ce44d34ec22dd35887e2ff124e7f925d9bac7e2d871288a67e3d
confirmation,resource_gpu_h,1011175,H8P16,0.25,repeated,1.4745607965612355,193.4389798490304,11,True,True,True,2.5479618415147343e-14,4.050865259835952e-18,False,False,False,False,False,False,True,True,0,0.0,32.0,47.185945489959536,46.207389307561385,0.978556182398151,-5.684341886080801e-13,9067.18054050147,138.73538065856036,2.5479618415147343e-14,0.0,161.70891952702718,0,0,5,/home/user/projects/AIDRBench/results/nature_mainline/commitment_validation_v1/runs/confirmation/resource_gpu_h/H8P16/repeated_f0.25_1011175.parquet,d0a0750284ad031ffcedb85e65f1d489c048c7d226b471c6877d422d42abeead,/home/user/projects/AIDRBench/results/nature_mainline/commitment_validation_v1/inputs/confirmation/resource_gpu_h/1011175/H8P16/hourly_seed_1011175,18be8227e06d00139a51ac8c39cb2407647027ef3dc578450c98fbd6bb8504ee
confirmation,resource_gpu_h,1011176,H8P16,0.25,repeated,1.4745607965612355,193.4389798490304,8,True,True,True,0.0,0.0,False,False,False,False,False,False,True,True,0,0.0,32.0,47.185945489959536,46.29374387834841,0.892201611611128,1.8930762766079852,10138.213865103837,138.4035845107128,0.0,0.0,182.19270175129714,5,5,0,/home/user/projects/AIDRBench/results/nature_mainline/commitment_validation_v1/runs/confirmation/resource_gpu_h/H8P16/repeated_f0.25_1011176.parquet,9ae7ea3ccda78d3763c5123dcaa37be6747fe485630e50927c6bd2374a3965ae,/home/user/projects/AIDRBench/results/nature_mainline/commitment_validation_v1/inputs/confirmation/resource_gpu_h/1011176/H8P16/hourly_seed_1011176,6167c7685a02349e8cf9e433fc893f385cfa6f80d59036883262c5b70bed88ed
confirmation,resource_gpu_h,1011177,H8P16,0.25,repeated,1.4745607965612355,193.4389798490304,12,True,True,True,0.0,0.0,False,False,False,False,False,False,True,True,0,0.0,32.0,47.185945489959536,46.178326526577735,1.0076189633818018,-1.1368683772161603e-13,9212.068040953556,138.87727874430342,0.0,0.0,161.45887212666292,0,0,5,/home/user/projects/AIDRBench/results/nature_mainline/commitment_validation_v1/runs/confirmation/resource_gpu_h/H8P16/repeated_f0.25_1011177.parquet,6dc2ccf4eedfb4cf1d66eb63c50fdde774bb177c21e85ef17ed9936df33e4fd9,/home/user/projects/AIDRBench/results/nature_mainline/commitment_validation_v1/inputs/confirmation/resource_gpu_h/1011177/H8P16/hourly_seed_1011177,086b4ff22ddf580701353c29005a76dd78fe61430f1814e7d819dedfd8a25575
confirmation,resource_gpu_h,1011178,H8P16,0.25,repeated,1.4745607965612355,193.4389798490304,11,True,True,True,1.582067810090848e-15,2.515243135192257e-19,False,False,False,False,False,False,True,True,0,0.0,32.0,47.185945489959536,46.321220664583706,0.8647248253758306,4.98073404742172e-08,8802.914235410022,137.39829508582423,1.582067810090848e-15,0.0,165.54262062136738,1,1,6,/home/user/projects/AIDRBench/results/nature_mainline/commitment_validation_v1/runs/confirmation/resource_gpu_h/H8P16/repeated_f0.25_1011178.parquet,986ed71db2e3cda5bc7f6a7902c01fe1c272eb387f2be521bd15a23217c17bd0,/home/user/projects/AIDRBench/results/nature_mainline/commitment_validation_v1/inputs/confirmation/resource_gpu_h/1011178/H8P16/hourly_seed_1011178,00701196a78ed2f269c4f55cb32d4db972bc05e92e1993a47ab4617e57d57eff
confirmation,resource_gpu_h,1011179,H8P16,0.25,repeated,1.4745607965612355,193.4389798490304,5,True,True,True,9.381384558082573e-15,1.4914950520964615e-18,False,False,False,False,False,False,True,True,0,0.0,32.0,47.185945489959536,46.31116409247619,0.8747813974833463,-2.2737367544323206e-13,8154.752189932817,138.2193500077103,9.381384558082573e-15,0.0,159.03925626354305,1,1,5,/home/user/projects/AIDRBench/results/nature_mainline/commitment_validation_v1/runs/confirmation/resource_gpu_h/H8P16/repeated_f0.25_1011179.parquet,0f6e410237d207f1003d135f2dcfefdbb7f290e2a5f60c216aabcd475e9df1c1,/home/user/projects/AIDRBench/results/nature_mainline/commitment_validation_v1/inputs/confirmation/resource_gpu_h/1011179/H8P16/hourly_seed_1011179,fcfd3a7384e0e4567995832234290da7f8097cb5eaf2f6e39c4259c30fa571cb
confirmation,resource_gpu_h,1011180,H8P16,0.25,repeated,1.4745607965612355,193.4389798490304,12,True,True,True,0.0,0.0,False,False,False,False,False,False,True,True,0,0.0,32.0,47.185945489959536,46.254726104696516,0.9312193852630202,4.116890863770095e-07,8239.772844159237,137.08403680538166,0.0,0.0,158.6060116269443,1,1,2,/home/user/projects/AIDRBench/results/nature_mainline/commitment_validation_v1/runs/confirmation/resource_gpu_h/H8P16/repeated_f0.25_1011180.parquet,50c6cdda9a4118bd801ee2de763bf268a539ae417f7dd2ebded0302425e3744b,/home/user/projects/AIDRBench/results/nature_mainline/commitment_validation_v1/inputs/confirmation/resource_gpu_h/1011180/H8P16/hourly_seed_1011180,0b0d6bf0b6a07c775f2bf2d732a16c827db9edb9cb8261c47ffa8b368808d824
confirmation,resource_gpu_h,1011181,H8P16,0.25,repeated,1.4745607965612355,193.4389798490304,3,True,True,True,0.0,0.0,False,False,False,False,False,False,True,True,0,0.0,32.0,47.185945489959536,46.41763747637083,0.7683080135887081,5.684341886080802e-14,7744.476892440876,139.24575000594254,0.0,0.0,144.36658946506174,0,0,1,/home/user/projects/AIDRBench/results/nature_mainline/commitment_validation_v1/runs/confirmation/resource_gpu_h/H8P16/repeated_f0.25_1011181.parquet,e59714e539a4c38ed5a3d1ed03beb13df5b779a26e497ff1903477e8f463c01c,/home/user/projects/AIDRBench/results/nature_mainline/commitment_validation_v1/inputs/confirmation/resource_gpu_h/1011181/H8P16/hourly_seed_1011181,d9d0654db38e8337cdc833539dad8ef774eb5de1c382fc715e607954e41d37fb
confirmation,resource_gpu_h,1011182,H8P16,0.25,repeated,1.4745607965612355,193.4389798490304,15,True,True,True,0.0,0.0,False,False,False,False,False,False,True,True,0,0.0,32.0,47.185945489959536,46.18856395675914,0.9973815332003966,2.0391348698467482e-07,8413.09734864883,137.51099451142073,0.0,0.0,158.2802792488423,3,3,3,/home/user/projects/AIDRBench/results/nature_mainline/commitment_validation_v1/runs/confirmation/resource_gpu_h/H8P16/repeated_f0.25_1011182.parquet,d72f5a6dcec0736ec076f236d229a69319b4d68d245ec6fd6b191ff1f74dc417,/home/user/projects/AIDRBench/results/nature_mainline/commitment_validation_v1/inputs/confirmation/resource_gpu_h/1011182/H8P16/hourly_seed_1011182,10147a6aaff9215aca9fec991baa981a7040ae9414ad2f1968cbb4641aaefbf3
confirmation,resource_gpu_h,1011183,H8P16,0.25,repeated,1.4745607965612355,193.4389798490304,3,True,True,True,0.0,0.0,False,False,False,False,False,False,True,True,0,0.0,32.0,47.185945489959536,46.454344034935104,0.7316014550244319,3.410605131648481e-13,7803.465670040585,140.1424312760881,0.0,0.0,143.17558892923068,0,0,4,/home/user/projects/AIDRBench/results/nature_mainline/commitment_validation_v1/runs/confirmation/resource_gpu_h/H8P16/repeated_f0.25_1011183.parquet,f23a428d945d6e261696b647898af4d099aaa80d5a85304ad2881261f011520d,/home/user/projects/AIDRBench/results/nature_mainline/commitment_validation_v1/inputs/confirmation/resource_gpu_h/1011183/H8P16/hourly_seed_1011183,bcf023c0ee5695b94dd83d0ec27ecd43571dfb557256511d0030736fed28bb12
confirmation,resource_gpu_h,1011184,H8P16,0.25,repeated,1.4745607965612355,193.4389798490304,11,True,True,True,0.0,0.0,False,False,False,False,False,False,True,True,0,0.0,32.0,47.185945489959536,46.12275109763385,1.0631943923256841,4.7189473662001546e-08,8082.525001160463,137.09751241742032,0.0,0.0,154.4836176573706,1,1,7,/home/user/projects/AIDRBench/results/nature_mainline/commitment_validation_v1/runs/confirmation/resource_gpu_h/H8P16/repeated_f0.25_1011184.parquet,6afcdb0405e96f74aaee63a69779be201305df07d8b525968117d559e81d9927,/home/user/projects/AIDRBench/results/nature_mainline/commitment_validation_v1/inputs/confirmation/resource_gpu_h/1011184/H8P16/hourly_seed_1011184,dc24c1c56990e7d5b36e8f53034db2143013a5177263c689bb3bcdaaf1b8faf0
confirmation,resource_gpu_h,1011185,H8P16,0.25,repeated,1.4745607965612355,193.4389798490304,13,True,True,True,0.0,0.0,False,False,False,False,False,False,True,True,0,0.0,32.0,47.185945489959536,46.167845215166466,1.0181002747930705,8.079462077148492e-08,8125.438135545553,137.02008301817665,0.0,0.0,155.92764538310502,2,2,2,/home/user/projects/AIDRBench/results/nature_mainline/commitment_validation_v1/runs/confirmation/resource_gpu_h/H8P16/repeated_f0.25_1011185.parquet,0a2f5fb9e8de304db63c52bfc4b4a314b53609d3ce2fac04ad2858916ab99538,/home/user/projects/AIDRBench/results/nature_mainline/commitment_validation_v1/inputs/confirmation/resource_gpu_h/1011185/H8P16/hourly_seed_1011185,71dfa3a07f427d412b642bdabfddf9708f9e930d7169f2ef0f2dd3d52168ce8b
confirmation,resource_gpu_h,1011186,H8P16,0.25,repeated,1.4745607965612355,193.4389798490304,5,True,True,True,0.0,0.0,False,False,False,False,False,False,True,True,0,0.0,32.0,47.185945489959536,46.35664851000334,0.8292969799561973,2.8985334929940905,8909.280201277468,139.27443057156992,0.0,0.0,162.56742549396648,2,2,4,/home/user/projects/AIDRBench/results/nature_mainline/commitment_validation_v1/runs/confirmation/resource_gpu_h/H8P16/repeated_f0.25_1011186.parquet,32064785036bb6c5d1ba4a65e9e0c2145e0afa0c99c04b2ba41a08b75a855425,/home/user/projects/AIDRBench/results/nature_mainline/commitment_validation_v1/inputs/confirmation/resource_gpu_h/1011186/H8P16/hourly_seed_1011186,39bc495509c11d7817c2ffd802e01f5e9e6f04f82ddb627e705c5b34098d95b4
confirmation,resource_gpu_h,1011187,H8P16,0.25,repeated,1.4745607965612355,193.4389798490304,8,True,True,True,0.0,0.0,False,False,False,False,False,False,True,True,0,0.0,32.0,47.185945489959536,46.288701735327834,0.8972437546317025,2.8421709430404007e-13,9294.566639712442,137.88890755096224,0.0,0.0,176.6780665706035,1,1,4,/home/user/projects/AIDRBench/results/nature_mainline/commitment_validation_v1/runs/confirmation/resource_gpu_h/H8P16/repeated_f0.25_1011187.parquet,c4d75cce87ba7aa4efc74aa4670e5931aebee8d8ee3c0232db631f55f95e2926,/home/user/projects/AIDRBench/results/nature_mainline/commitment_validation_v1/inputs/confirmation/resource_gpu_h/1011187/H8P16/hourly_seed_1011187,729e4fc34bbfd28edcc47ca89eda4267e5016df5f86792a7a79a160f91625ae9
confirmation,resource_gpu_h,1011188,H8P16,0.25,repeated,1.4745607965612355,193.4389798490304,14,True,True,True,4.7628567756419216e-14,7.572205649105113e-18,False,False,False,False,False,False,True,True,0,0.0,32.0,47.185945489959536,46.0948338751443,1.091111614815233,-5.684341886080801e-13,8669.973243703997,138.98674138336858,4.7628567756419216e-14,0.0,155.71677646014575,2,2,5,/home/user/projects/AIDRBench/results/nature_mainline/commitment_validation_v1/runs/confirmation/resource_gpu_h/H8P16/repeated_f0.25_1011188.parquet,1e7e0eae7622ef47e2dc0918aa9d1f3061e89b24e015becfc50e4cea0140dc0e,/home/user/projects/AIDRBench/results/nature_mainline/commitment_validation_v1/inputs/confirmation/resource_gpu_h/1011188/H8P16/hourly_seed_1011188,b629402a27b7e2683dc56eec7a87c126aac8dbe06b51efc06332b1b451724773
confirmation,resource_gpu_h,1011189,H8P16,0.25,repeated,1.4745607965612355,193.4389798490304,9,True,True,True,0.0,0.0,False,False,False,False,False,False,True,True,0,0.0,32.0,47.185945489959536,46.16358148520399,1.022364004755545,1.4808892956352793e-07,8828.817093805765,137.69601540147852,0.0,0.0,165.3983211375214,1,1,4,/home/user/projects/AIDRBench/results/nature_mainline/commitment_validation_v1/runs/confirmation/resource_gpu_h/H8P16/repeated_f0.25_1011189.parquet,62533b6a22865da0b4896211d8551f99249d014d61789abc55e75bc59bf03205,/home/user/projects/AIDRBench/results/nature_mainline/commitment_validation_v1/inputs/confirmation/resource_gpu_h/1011189/H8P16/hourly_seed_1011189,ca9d97ea4838b3a4c944653b6eea18f42d26e7b78747de86d2b62b37200a8b17
confirmation,resource_gpu_h,1011190,H8P16,0.25,repeated,1.4745607965612355,193.4389798490304,14,True,True,True,0.0,0.0,False,False,False,False,False,False,True,True,0,0.0,32.0,47.185945489959536,46.10943503589647,1.0765104540630688,5.540584879781818e-08,8716.99023223669,143.54154921388667,0.0,0.0,161.74108989084704,3,3,0,/home/user/projects/AIDRBench/results/nature_mainline/commitment_validation_v1/runs/confirmation/resource_gpu_h/H8P16/repeated_f0.25_1011190.parquet,7e8b1b7674f74a96a0df3ebf685fdf2a349fbdd27434360824168079d1f0c4d3,/home/user/projects/AIDRBench/results/nature_mainline/commitment_validation_v1/inputs/confirmation/resource_gpu_h/1011190/H8P16/hourly_seed_1011190,afbffda0689d2b49cd2b478194f4ca8b76ceb1188a4b12fdcf3a8a9d84e9db90
confirmation,resource_gpu_h,1011191,H8P16,0.25,repeated,1.4745607965612355,193.4389798490304,19,True,True,True,0.0,0.0,False,False,False,False,False,False,True,True,0,0.0,32.0,47.185945489959536,46.159129739913624,1.0268157500459125,8.782723170952522e-08,9123.146156403953,142.48765723424552,0.0,0.0,159.44640176539045,0,0,5,/home/user/projects/AIDRBench/results/nature_mainline/commitment_validation_v1/runs/confirmation/resource_gpu_h/H8P16/repeated_f0.25_1011191.parquet,2963b026acdc4df574d0ae2c734c3f0808e5b5ef58f182ffa6ab2f4b5fa18560,/home/user/projects/AIDRBench/results/nature_mainline/commitment_validation_v1/inputs/confirmation/resource_gpu_h/1011191/H8P16/hourly_seed_1011191,2f3c3bd3fb3988c7a86f798543c2aa6925093ef93c05ebbc0ffb3e9a22d64cf2
confirmation,resource_gpu_h,1011192,H8P16,0.25,repeated,1.4745607965612355,193.4389798490304,5,True,True,True,0.0,0.0,False,False,False,False,False,False,True,True,0,0.0,32.0,47.185945489959536,46.2805340425418,0.9054114474177339,2.0792111854461837e-07,7451.880058704833,138.72531300300855,0.0,0.0,139.47019993169673,0,0,7,/home/user/projects/AIDRBench/results/nature_mainline/commitment_validation_v1/runs/confirmation/resource_gpu_h/H8P16/repeated_f0.25_1011192.parquet,9f5a796334ad73171fdef015629ff0f9330a9fabd557ddd494f67240ad386267,/home/user/projects/AIDRBench/results/nature_mainline/commitment_validation_v1/inputs/confirmation/resource_gpu_h/1011192/H8P16/hourly_seed_1011192,9a7ed840cbad7bad9ba5914c3cb37dc2d747178c2c1bcbf8342c22ebd8561397
confirmation,resource_gpu_h,1011193,H8P16,0.25,repeated,1.4745607965612355,193.4389798490304,23,True,True,True,0.0,0.0,False,False,False,False,False,False,True,True,0,0.0,32.0,47.185945489959536,46.52315464854291,0.6627908414166228,2.1275251873089474,8994.536031348434,139.502262457327,0.0,0.0,174.1648211438948,2,2,5,/home/user/projects/AIDRBench/results/nature_mainline/commitment_validation_v1/runs/confirmation/resource_gpu_h/H8P16/repeated_f0.25_1011193.parquet,2280b5c1d394303086e3f82cc08dbe4a313ffcbb039f1180b4da71f43ab9e585,/home/user/projects/AIDRBench/results/nature_mainline/commitment_validation_v1/inputs/confirmation/resource_gpu_h/1011193/H8P16/hourly_seed_1011193,d0875cd6de819c4a2cbf497711904149a71b27ee322047ab6a805a363fae62e9
confirmation,resource_gpu_h,1011194,H8P16,0.25,repeated,1.4745607965612355,193.4389798490304,6,True,True,True,0.0,0.0,False,False,False,False,False,False,True,True,0,0.0,32.0,47.185945489959536,46.14211260976862,1.0438328801909194,4.635198820324149e-07,8139.721161881605,138.37550548558062,0.0,0.0,160.01119820634403,1,1,6,/home/user/projects/AIDRBench/results/nature_mainline/commitment_validation_v1/runs/confirmation/resource_gpu_h/H8P16/repeated_f0.25_1011194.parquet,c7d7c17c07c152f7537970066351bc7db1d2afada862efcefa8c5fbc7f292d02,/home/user/projects/AIDRBench/results/nature_mainline/commitment_validation_v1/inputs/confirmation/resource_gpu_h/1011194/H8P16/hourly_seed_1011194,1219243e4d4ce67260a1abc7488ce09514a2ff521f349ab7e1b70ee744af8553
confirmation,resource_gpu_h,1011195,H8P16,0.25,repeated,1.4745607965612355,193.4389798490304,22,True,True,True,0.0,0.0,False,False,False,False,False,False,True,True,0,0.0,32.0,47.185945489959536,46.356579624365736,0.8293658655938003,2.3602476079877874,8883.764379032345,139.16265467501933,0.0,0.0,159.27836788742482,1,1,7,/home/user/projects/AIDRBench/results/nature_mainline/commitment_validation_v1/runs/confirmation/resource_gpu_h/H8P16/repeated_f0.25_1011195.parquet,aa3298137605b6bbadfdb728e6ca653c1d170f005af9a7530dfa0795f3133363,/home/user/projects/AIDRBench/results/nature_mainline/commitment_validation_v1/inputs/confirmation/resource_gpu_h/1011195/H8P16/hourly_seed_1011195,b7e3e631ae75eb052f6e33a9b3fa91a93e4dee454e1a79da9091274517f48482
confirmation,resource_gpu_h,1011196,H8P16,0.25,repeated,1.4745607965612355,193.4389798490304,19,True,True,True,0.0,0.0,False,False,False,False,False,False,True,True,0,0.0,32.0,47.185945489959536,46.23309089195112,0.9528545980084147,8.7828141204227e-08,8778.151236448226,142.64735655503864,0.0,0.0,152.18893622402774,0,0,5,/home/user/projects/AIDRBench/results/nature_mainline/commitment_validation_v1/runs/confirmation/resource_gpu_h/H8P16/repeated_f0.25_1011196.parquet,13675ab3af8802728cd76b06d08d9d78cd45b09508fcf5aac46948bfdad2b479,/home/user/projects/AIDRBench/results/nature_mainline/commitment_validation_v1/inputs/confirmation/resource_gpu_h/1011196/H8P16/hourly_seed_1011196,96165c3e84829b51d3b4467785dc856e32272ebdcf5d231f865b3397c4989522
confirmation,resource_gpu_h,1011197,H8P16,0.25,repeated,1.4745607965612355,193.4389798490304,6,True,True,True,0.0,0.0,False,False,False,False,False,False,True,True,0,0.0,32.0,47.185945489959536,46.33840892892482,0.8475365610347154,6.252776074688882e-13,8043.2651823169435,139.6700715592791,0.0,0.0,150.20160333486507,2,2,2,/home/user/projects/AIDRBench/results/nature_mainline/commitment_validation_v1/runs/confirmation/resource_gpu_h/H8P16/repeated_f0.25_1011197.parquet,42a5c060872b814369de8171c425407d2e72339ff21cdf022ca3edd2e0f9e351,/home/user/projects/AIDRBench/results/nature_mainline/commitment_validation_v1/inputs/confirmation/resource_gpu_h/1011197/H8P16/hourly_seed_1011197,c19ec47543143bd70768fb773334ab8056d6d48666cfeb8dfaf4a05427fb18fb
confirmation,resource_gpu_h,1011198,H8P16,0.25,repeated,1.4745607965612355,193.4389798490304,11,True,True,True,0.0,0.0,False,False,False,False,False,False,True,True,0,0.0,32.0,47.185945489959536,46.18442862395335,1.0015168660061846,2.3038921881379792e-08,8954.533071928392,138.18700899021024,0.0,0.0,168.2738666465868,0,0,1,/home/user/projects/AIDRBench/results/nature_mainline/commitment_validation_v1/runs/confirmation/resource_gpu_h/H8P16/repeated_f0.25_1011198.parquet,edb737b7a0e8fef528692549624d2fbadd9835a7afa642fc91a441e1009f61f6,/home/user/projects/AIDRBench/results/nature_mainline/commitment_validation_v1/inputs/confirmation/resource_gpu_h/1011198/H8P16/hourly_seed_1011198,4144ba3872c39ee79912eae7bf3664c70e419ccd8665e6ce3ae40f9864f18d3e
confirmation,resource_gpu_h,1011199,H8P16,0.25,repeated,1.4745607965612355,193.4389798490304,2,True,True,True,0.0,0.0,False,False,False,False,False,False,True,True,0,0.0,32.0,47.185945489959536,46.300218183215435,0.8857273067441014,4.463011009647744e-07,7942.605429007746,139.25608200145177,0.0,0.0,149.46295369848286,1,1,1,/home/user/projects/AIDRBench/results/nature_mainline/commitment_validation_v1/runs/confirmation/resource_gpu_h/H8P16/repeated_f0.25_1011199.parquet,be3c89eaadd8fa44cb32b74ef897e0a6986329bd33cc031814d29151e2ca9019,/home/user/projects/AIDRBench/results/nature_mainline/commitment_validation_v1/inputs/confirmation/resource_gpu_h/1011199/H8P16/hourly_seed_1011199,e9619dc87fbbab979042c2622fd8683a852fdd2bc7da27ad86ce01b00e307e19
confirmation,resource_gpu_h,1011200,H8P16,0.25,repeated,1.4745607965612355,193.4389798490304,22,True,True,True,0.0,0.0,False,False,False,False,False,False,True,True,0,0.0,32.0,47.185945489959536,45.985852514764474,1.2000929751950622,1.9617931457105442e-07,7961.623572772698,137.75367451303026,0.0,0.0,148.30124115805432,2,2,6,/home/user/projects/AIDRBench/results/nature_mainline/commitment_validation_v1/runs/confirmation/resource_gpu_h/H8P16/repeated_f0.25_1011200.parquet,4a1c0afdaf2b19463f6c9057b10972b765f3dbc630c43da2e49cf0739b196bc6,/home/user/projects/AIDRBench/results/nature_mainline/commitment_validation_v1/inputs/confirmation/resource_gpu_h/1011200/H8P16/hourly_seed_1011200,1728db73c26acf07e6b5d48bfa886037a4c421417d3fd0b9aa2fa913592a876e
confirmation,resource_gpu_h,1011201,H8P16,0.25,repeated,1.4745607965612355,193.4389798490304,13,True,True,True,0.0,0.0,False,False,False,False,False,False,True,True,0,0.0,32.0,47.185945489959536,46.26075865949653,0.9251868304630051,2.8421709430404007e-13,8316.754157208496,137.38679451103312,0.0,0.0,157.56510763518722,2,2,1,/home/user/projects/AIDRBench/results/nature_mainline/commitment_validation_v1/runs/confirmation/resource_gpu_h/H8P16/repeated_f0.25_1011201.parquet,0ef2cbc0c70de5a3ed133d7c762bfb5f4f3b3c5116f440343d1103add6f89eb9,/home/user/projects/AIDRBench/results/nature_mainline/commitment_validation_v1/inputs/confirmation/resource_gpu_h/1011201/H8P16/hourly_seed_1011201,6abd2263acb1b4a14dd15bebc93676449f3ff55338201e6d78f422f315e7b377
confirmation,resource_gpu_h,1011202,H8P16,0.25,repeated,1.4745607965612355,193.4389798490304,6,True,True,True,0.0,0.0,False,False,False,False,False,False,True,True,0,0.0,32.0,47.185945489959536,46.182407040993894,1.0035384489656423,4.6352022309292806e-07,8440.667875329174,138.02325777058414,0.0,0.0,161.41637937585395,3,3,6,/home/user/projects/AIDRBench/results/nature_mainline/commitment_validation_v1/runs/confirmation/resource_gpu_h/H8P16/repeated_f0.25_1011202.parquet,5dd2ab38a28eba75eeb139275008351bd6f8de5a67ecea3fc60db4eaea90e978,/home/user/projects/AIDRBench/results/nature_mainline/commitment_validation_v1/inputs/confirmation/resource_gpu_h/1011202/H8P16/hourly_seed_1011202,47626421d4aedb818b9573e010ba9d1e2d022c5e5830ebeec29e26a6a4c4e64a
confirmation,resource_gpu_h,1011203,H8P16,0.25,repeated,1.4745607965612355,193.4389798490304,21,True,True,True,0.0,0.0,False,False,False,False,False,False,True,True,0,0.0,32.0,47.185945489959536,46.330039820466425,0.8559056694931115,0.0,7763.648630038095,139.82661798185495,0.0,0.0,140.37450796660065,0,0,3,/home/user/projects/AIDRBench/results/nature_mainline/commitment_validation_v1/runs/confirmation/resource_gpu_h/H8P16/repeated_f0.25_1011203.parquet,14fb0719d22848bd43c1a618c92191792d34dc067bb2a5b1f311ad466212e96d,/home/user/projects/AIDRBench/results/nature_mainline/commitment_validation_v1/inputs/confirmation/resource_gpu_h/1011203/H8P16/hourly_seed_1011203,488880b3a7bb2b6ac688957d42ab93c2770872ff12b68d35ed8af14ab3ab16dc
confirmation,resource_gpu_h,1011204,H8P16,0.25,repeated,1.4745607965612355,193.4389798490304,13,True,True,True,0.0,0.0,False,False,False,False,False,False,True,True,0,0.0,32.0,47.185945489959536,46.21217195232322,0.973773537636319,1.566957053000806e-08,8367.881063044435,139.41697443120796,0.0,0.0,146.91625438053504,0,0,5,/home/user/projects/AIDRBench/results/nature_mainline/commitment_validation_v1/runs/confirmation/resource_gpu_h/H8P16/repeated_f0.25_1011204.parquet,19416644255b55eb552c1f231008ce4d4490c0e5dd001d4092ca3aa955258fa0,/home/user/projects/AIDRBench/results/nature_mainline/commitment_validation_v1/inputs/confirmation/resource_gpu_h/1011204/H8P16/hourly_seed_1011204,d0b225613ffa87f41861da8ab08d342fcefc9b77711895d2562ab401fc4e459f
confirmation,resource_gpu_h,1011205,H8P16,0.25,repeated,1.4745607965612355,193.4389798490304,23,True,True,True,0.0,0.0,False,False,False,False,False,False,True,True,0,0.0,32.0,47.185945489959536,46.47149711039006,0.7144483795694754,2.144088988912472,8483.94796221253,139.61747620912,0.0,0.0,159.7681298503692,2,2,5,/home/user/projects/AIDRBench/results/nature_mainline/commitment_validation_v1/runs/confirmation/resource_gpu_h/H8P16/repeated_f0.25_1011205.parquet,2f7806b6ac42788be16c524acf1873d3c2e6510971bdd89feef7bdfa7e7bbebe,/home/user/projects/AIDRBench/results/nature_mainline/commitment_validation_v1/inputs/confirmation/resource_gpu_h/1011205/H8P16/hourly_seed_1011205,6fc27ae5ef9aebd23338bfee90b23d29efca3bd5c68e2482f7f01508406a9fae
confirmation,resource_gpu_h,1011206,H8P16,0.25,repeated,1.4745607965612355,193.4389798490304,18,True,True,True,0.0,0.0,False,False,False,False,False,False,True,True,0,0.0,32.0,47.185945489959536,46.260222356710216,0.9257231332493205,7.179301064752508e-08,8626.441303006384,137.77119305748283,0.0,0.0,148.44898285647412,1,1,2,/home/user/projects/AIDRBench/results/nature_mainline/commitment_validation_v1/runs/confirmation/resource_gpu_h/H8P16/repeated_f0.25_1011206.parquet,5f57d99923129d4796d994d8411f835e189a527a2902b89cc4423d25b4f1f4aa,/home/user/projects/AIDRBench/results/nature_mainline/commitment_validation_v1/inputs/confirmation/resource_gpu_h/1011206/H8P16/hourly_seed_1011206,7133422dd2106fa6553c5b75b306fba55b32a17b67b6bd1af990c576b7fc14e2
confirmation,resource_gpu_h,1011207,H8P16,0.25,repeated,1.4745607965612355,193.4389798490304,4,True,True,True,0.0,0.0,False,False,False,False,False,False,True,True,0,0.0,32.0,47.185945489959536,46.172824687878204,1.0131208020813318,1.9024503217224265e-07,8042.297673657225,138.58314817527634,0.0,0.0,153.1255899237424,1,1,5,/home/user/projects/AIDRBench/results/nature_mainline/commitment_validation_v1/runs/confirmation/resource_gpu_h/H8P16/repeated_f0.25_1011207.parquet,8908f26f73849ce9fd649226c27f5614c70aa98c5599c81e05a500fcefca8f38,/home/user/projects/AIDRBench/results/nature_mainline/commitment_validation_v1/inputs/confirmation/resource_gpu_h/1011207/H8P16/hourly_seed_1011207,990df659841a9674409e1be4bf835e53d88c1d746f24c3a53a82b817622bacbe
confirmation,resource_gpu_h,1011208,H8P16,0.25,repeated,1.4745607965612355,193.4389798490304,10,True,True,True,0.0,0.0,False,False,False,False,False,False,True,True,0,0.0,32.0,47.185945489959536,46.25650119166443,0.9294442982951097,-5.684341886080801e-13,8678.26137990367,138.1296879964865,0.0,0.0,162.29008774575587,0,0,3,/home/user/projects/AIDRBench/results/nature_mainline/commitment_validation_v1/runs/confirmation/resource_gpu_h/H8P16/repeated_f0.25_1011208.parquet,c35618d2b41f45f6b821c3ee07c3c5d6e93b8a548a784c144e3525e93376495d,/home/user/projects/AIDRBench/results/nature_mainline/commitment_validation_v1/inputs/confirmation/resource_gpu_h/1011208/H8P16/hourly_seed_1011208,34d0ec18c655c8e15f4a776d4899e526db44108746b12f7eed195607c9f319ce
confirmation,resource_gpu_h,1011209,H8P16,0.25,repeated,1.4745607965612355,193.4389798490304,15,True,True,True,0.0,0.0,False,False,False,False,False,False,True,True,0,0.0,32.0,47.185945489959536,46.21331343477317,0.9726320551863665,4.547473508864641e-13,8670.687681439455,138.26661729512222,0.0,0.0,156.8641386552272,6,6,1,/home/user/projects/AIDRBench/results/nature_mainline/commitment_validation_v1/runs/confirmation/resource_gpu_h/H8P16/repeated_f0.25_1011209.parquet,caac69e459c176dc0ec7965f3dbe2a3f147036b66f5a965659349fdb5ee809f5,/home/user/projects/AIDRBench/results/nature_mainline/commitment_validation_v1/inputs/confirmation/resource_gpu_h/1011209/H8P16/hourly_seed_1011209,628f955791e0f7ff623fa58282b107dcb380b8e4dc7499aa42469773dac7ff36
confirmation,resource_gpu_h,1011210,H8P16,0.25,repeated,1.4745607965612355,193.4389798490304,11,True,True,True,0.0,0.0,False,False,False,False,False,False,True,True,0,0.0,32.0,47.185945489959536,46.127364969449815,1.0585805205097216,3.979039320256561e-13,8646.633164397876,141.35540716821225,0.0,0.0,163.33578139411364,1,1,0,/home/user/projects/AIDRBench/results/nature_mainline/commitment_validation_v1/runs/confirmation/resource_gpu_h/H8P16/repeated_f0.25_1011210.parquet,2e113d3391d243dc646653490ddbec5e99ec12426fd94794f47877c39c12e7c1,/home/user/projects/AIDRBench/results/nature_mainline/commitment_validation_v1/inputs/confirmation/resource_gpu_h/1011210/H8P16/hourly_seed_1011210,d6072200f9f9545da6d29a1edddda70339d019c1810e726d0d77e6048a23f863
confirmation,resource_gpu_h,1011211,H8P16,0.25,repeated,1.4745607965612355,193.4389798490304,16,True,True,True,0.0,0.0,False,False,False,False,False,False,True,True,0,0.0,32.0,47.185945489959536,46.14663440254466,1.0393110874148732,-2.2737367544323206e-13,9314.38843907592,140.92346470087463,0.0,0.0,162.4889104002297,4,4,5,/home/user/projects/AIDRBench/results/nature_mainline/commitment_validation_v1/runs/confirmation/resource_gpu_h/H8P16/repeated_f0.25_1011211.parquet,f2f1ff13cff63406e38ad1fcb9fed11cb110504cc9f1cb6149a95fa69cb76676,/home/user/projects/AIDRBench/results/nature_mainline/commitment_validation_v1/inputs/confirmation/resource_gpu_h/1011211/H8P16/hourly_seed_1011211,75fe6b6e21828693e11f5a900306b46f7212ec22b74f6899266fe07be673857c
confirmation,resource_gpu_h,1011212,H8P16,0.25,repeated,1.4745607965612355,193.4389798490304,8,True,True,True,0.0,0.0,False,False,False,False,False,False,True,True,0,0.0,32.0,47.185945489959536,46.14435431849316,1.0415911714663793,1.7053025658242404e-13,8830.402272915824,138.14217764058859,0.0,0.0,170.87430134484535,1,1,4,/home/user/projects/AIDRBench/results/nature_mainline/commitment_validation_v1/runs/confirmation/resource_gpu_h/H8P16/repeated_f0.25_1011212.parquet,a2968306a0944bb0b527f2c931feee4ebf4bb0a076c9ae02509c8717ebd8429e,/home/user/projects/AIDRBench/results/nature_mainline/commitment_validation_v1/inputs/confirmation/resource_gpu_h/1011212/H8P16/hourly_seed_1011212,d1a45fc62eea40ec0dc8b3df0993e6ac21c7b6ecafdfa4d5947e5079ec2c89d8
confirmation,resource_gpu_h,1011213,H8P16,0.25,repeated,1.4745607965612355,193.4389798490304,0,True,True,True,4.773959005888173e-15,7.589856478124006e-19,False,False,False,False,False,False,True,True,0,0.0,32.0,47.185945489959536,46.47303409966091,0.712911390298629,-1.1368683772161603e-13,8426.140108629043,139.7770729350048,4.773959005888173e-15,0.0,154.4762207185763,4,4,5,/home/user/projects/AIDRBench/results/nature_mainline/commitment_validation_v1/runs/confirmation/resource_gpu_h/H8P16/repeated_f0.25_1011213.parquet,70993af46884f00681deb96ae8abe79751e898ddb286488afac65a044f520cfe,/home/user/projects/AIDRBench/results/nature_mainline/commitment_validation_v1/inputs/confirmation/resource_gpu_h/1011213/H8P16/hourly_seed_1011213,6f7cafdb77e67a4f79ec69d6f3afe2e67e1c6330cb56352a695e5895ca838ae5
confirmation,resource_gpu_h,1011214,H8P16,0.25,repeated,1.4745607965612355,193.4389798490304,7,True,True,True,0.0,0.0,False,False,False,False,False,False,True,True,0,0.0,32.0,47.185945489959536,46.40024300356322,0.7857024863963176,4.5056378894514637e-07,8777.839286971162,138.79148849330647,0.0,0.0,168.1935389473588,1,1,1,/home/user/projects/AIDRBench/results/nature_mainline/commitment_validation_v1/runs/confirmation/resource_gpu_h/H8P16/repeated_f0.25_1011214.parquet,7cfda03763b7c4c916229f54cc9a4fdc00b967e1cc9de40f37c6fcde69b14ca8,/home/user/projects/AIDRBench/results/nature_mainline/commitment_validation_v1/inputs/confirmation/resource_gpu_h/1011214/H8P16/hourly_seed_1011214,d196966c0bafd5ca1eb83ace5d485e141c0790c76b3225a34f1b3f7c9f30cc6c
confirmation,resource_gpu_h,1011215,H8P16,0.25,repeated,1.4745607965612355,193.4389798490304,9,True,True,True,7.771561172376096e-16,1.2355580313225124e-19,False,False,False,False,False,False,True,True,0,0.0,32.0,47.185945489959536,46.26379731542386,0.9221481745356783,2.0301098402342177e-07,9500.311234234538,138.45913565920688,7.771561172376096e-16,0.0,177.77291875357486,1,1,5,/home/user/projects/AIDRBench/results/nature_mainline/commitment_validation_v1/runs/confirmation/resource_gpu_h/H8P16/repeated_f0.25_1011215.parquet,b2e8145a7e55c9b39c614b098bd1be6ea87532e7baad48d7e774fa1440346976,/home/user/projects/AIDRBench/results/nature_mainline/commitment_validation_v1/inputs/confirmation/resource_gpu_h/1011215/H8P16/hourly_seed_1011215,1b965d2e61d4a4bd26e8f29acc976bcc12697e3f5991e4d9f58648a0f3cf2adb
confirmation,resource_gpu_h,1011216,H8P16,0.25,repeated,1.4745607965612355,193.4389798490304,8,True,True,True,0.0,0.0,False,False,False,False,False,False,True,True,0,0.0,32.0,47.185945489959536,46.27597915087574,0.9099663390837947,1.0142269957214012e-07,9721.441525969349,137.73461517576743,0.0,0.0,177.79701107020242,1,1,5,/home/user/projects/AIDRBench/results/nature_mainline/commitment_validation_v1/runs/confirmation/resource_gpu_h/H8P16/repeated_f0.25_1011216.parquet,49ad68057550124e4a1765a03ae420aba057838fa3acf7290c757f58b1d17536,/home/user/projects/AIDRBench/results/nature_mainline/commitment_validation_v1/inputs/confirmation/resource_gpu_h/1011216/H8P16/hourly_seed_1011216,74bbbdd0f3e7c8fb3c29e8c6da9a3f34a82a86d7e6f9103af4a4de3456bd3ede
confirmation,resource_gpu_h,1011217,H8P16,0.25,repeated,1.4745607965612355,193.4389798490304,2,True,True,True,0.0,0.0,False,False,False,False,False,False,True,True,0,0.0,32.0,47.185945489959536,46.42775936257817,0.7581861273813644,-2.2737367544323206e-13,8323.91608233019,139.40208916253297,0.0,0.0,148.6604697575832,2,2,4,/home/user/projects/AIDRBench/results/nature_mainline/commitment_validation_v1/runs/confirmation/resource_gpu_h/H8P16/repeated_f0.25_1011217.parquet,f503dddc4d54e485f6be978e05a3111ff15638e67bd92f875fe1f2abea12fe3f,/home/user/projects/AIDRBench/results/nature_mainline/commitment_validation_v1/inputs/confirmation/resource_gpu_h/1011217/H8P16/hourly_seed_1011217,7c68b53b5167d631042ac54c91c9717ad24cc362d7c292c347e7bc14bfbbbca8
confirmation,resource_gpu_h,1011218,H8P16,0.25,repeated,1.4745607965612355,193.4389798490304,8,True,True,True,0.0,0.0,False,False,False,False,False,False,True,True,0,0.0,32.0,47.185945489959536,46.355894687726476,0.8300508022330604,1.9402409634494688e-07,9668.42921389052,139.36665958097134,0.0,0.0,176.84263659638734,2,2,3,/home/user/projects/AIDRBench/results/nature_mainline/commitment_validation_v1/runs/confirmation/resource_gpu_h/H8P16/repeated_f0.25_1011218.parquet,43d1a373dcec4b7322bf84480fdc7aa45e6bfb8aa507f95f25144f1f09740a89,/home/user/projects/AIDRBench/results/nature_mainline/commitment_validation_v1/inputs/confirmation/resource_gpu_h/1011218/H8P16/hourly_seed_1011218,f6fccb2f778290990a0786bb4cccd5b99a08cb77745821f7004971c8c3216836
confirmation,resource_gpu_h,1011219,H8P16,0.25,repeated,1.4745607965612355,193.4389798490304,3,True,True,True,0.0,0.0,False,False,False,False,False,False,True,True,0,0.0,32.0,47.185945489959536,46.38537945616025,0.800566033799285,-1.1368683772161603e-13,8222.582327038697,139.48155533856962,0.0,0.0,143.68709009560072,1,1,2,/home/user/projects/AIDRBench/results/nature_mainline/commitment_validation_v1/runs/confirmation/resource_gpu_h/H8P16/repeated_f0.25_1011219.parquet,12e084b5511d21dd596d739de2b7ef399450fc2756b4696ba4f155af62694d1f,/home/user/projects/AIDRBench/results/nature_mainline/commitment_validation_v1/inputs/confirmation/resource_gpu_h/1011219/H8P16/hourly_seed_1011219,4fb4c33c092e3549bf4dda0b01003323d6f854e7d5ba4abfe3ec71736ed44c16
confirmation,resource_gpu_h,1011220,H8P16,0.25,repeated,1.4745607965612355,193.4389798490304,17,True,True,True,0.0,0.0,False,False,False,False,False,False,True,True,0,0.0,32.0,47.185945489959536,46.292091216956045,0.8938542730034911,9.663381206337363e-13,8408.058723852688,138.9191223260199,0.0,0.0,148.9401848763929,1,1,6,/home/user/projects/AIDRBench/results/nature_mainline/commitment_validation_v1/runs/confirmation/resource_gpu_h/H8P16/repeated_f0.25_1011220.parquet,ad84755b0c7be25286ebf06e25eafd21eb25cc48ccd13dfcd0db93bf06b95752,/home/user/projects/AIDRBench/results/nature_mainline/commitment_validation_v1/inputs/confirmation/resource_gpu_h/1011220/H8P16/hourly_seed_1011220,a7286ae73a7f223d96ba50f5d87a6c0fea4c0160a1a14bcf59a3df0f2d18d88c
confirmation,resource_gpu_h,1011221,H8P16,0.25,repeated,1.4745607965612355,193.4389798490304,19,True,True,True,0.0,0.0,False,False,False,False,False,False,True,True,0,0.0,32.0,47.185945489959536,46.24549331613093,0.9404521738286036,8.7828141204227e-08,8822.844500992236,142.4084315748751,0.0,0.0,151.73453878696557,0,0,5,/home/user/projects/AIDRBench/results/nature_mainline/commitment_validation_v1/runs/confirmation/resource_gpu_h/H8P16/repeated_f0.25_1011221.parquet,fee7b47dc57f9078faa1f6f6315e26edfa74226b372e6a757f817dcb6ab57554,/home/user/projects/AIDRBench/results/nature_mainline/commitment_validation_v1/inputs/confirmation/resource_gpu_h/1011221/H8P16/hourly_seed_1011221,a62ea49587c6e33c8417b5c1f9b223f7a900b6d66284f8681172f2e178f93aef
confirmation,resource_gpu_h,1011222,H8P16,0.25,repeated,1.4745607965612355,193.4389798490304,2,True,True,True,0.0,0.0,False,False,False,False,False,False,True,True,0,0.0,32.0,47.185945489959536,46.225542155261934,0.9604033346976024,4.603274419423542e-07,8020.458373495413,139.51291144653766,0.0,0.0,153.55541346987127,1,1,5,/home/user/projects/AIDRBench/results/nature_mainline/commitment_validation_v1/runs/confirmation/resource_gpu_h/H8P16/repeated_f0.25_1011222.parquet,59a67b4389bfab16e7d87a84d807b747215e20b9d235e1c5a2042694012d22e8,/home/user/projects/AIDRBench/results/nature_mainline/commitment_validation_v1/inputs/confirmation/resource_gpu_h/1011222/H8P16/hourly_seed_1011222,2c88b4d41dbee6236add73331f71cdee9f3accd31c219ac63094032ec63d39e4
confirmation,resource_gpu_h,1011223,H8P16,0.25,repeated,1.4745607965612355,193.4389798490304,13,True,True,True,0.0,0.0,False,False,False,False,False,False,True,True,0,0.0,32.0,47.185945489959536,46.26107056990995,0.9248749200495894,5.684341886080801e-13,8467.86729792559,137.87200111503694,0.0,0.0,159.21598445527462,1,1,1,/home/user/projects/AIDRBench/results/nature_mainline/commitment_validation_v1/runs/confirmation/resource_gpu_h/H8P16/repeated_f0.25_1011223.parquet,dd6eec3b8898b084dee01ab635ef29c5d5d83660ff38ae94b08e51ea901b02a7,/home/user/projects/AIDRBench/results/nature_mainline/commitment_validation_v1/inputs/confirmation/resource_gpu_h/1011223/H8P16/hourly_seed_1011223,d7c1d07bc36891928789f017d26571e61ea56dbd56425879847cc1c38e1e2340
confirmation,resource_gpu_h,1011224,H8P16,0.25,repeated,1.4745607965612355,193.4389798490304,15,True,True,True,0.0,0.0,False,False,False,False,False,False,True,True,0,0.0,32.0,47.185945489959536,46.183509335922025,1.002436154037511,-2.8421709430404007e-13,7942.5203589985485,137.2740207095036,0.0,0.0,151.23941671495604,4,4,4,/home/user/projects/AIDRBench/results/nature_mainline/commitment_validation_v1/runs/confirmation/resource_gpu_h/H8P16/repeated_f0.25_1011224.parquet,7af21852897ec763dca26278c3790187b06bf1da516cd530b44e7293daf06d43,/home/user/projects/AIDRBench/results/nature_mainline/commitment_validation_v1/inputs/confirmation/resource_gpu_h/1011224/H8P16/hourly_seed_1011224,d544e981cc239aeb740602db596ed6524bf3ece469336bc6c57664f3d5dc4a1d
confirmation,resource_gpu_h,1011225,H8P16,0.25,repeated,1.4745607965612355,193.4389798490304,7,True,True,True,0.0,0.0,False,False,False,False,False,False,True,True,0,0.0,32.0,47.185945489959536,46.39265906228454,0.7932864276749996,2.6551257320754758,9937.320274315036,138.62142165171554,0.0,0.0,180.8649018946344,4,4,0,/home/user/projects/AIDRBench/results/nature_mainline/commitment_validation_v1/runs/confirmation/resource_gpu_h/H8P16/repeated_f0.25_1011225.parquet,dc14e3cbb721460ceb04bcae8189a34cb58a98708b4484a46d8bdaaaf47c34e7,/home/user/projects/AIDRBench/results/nature_mainline/commitment_validation_v1/inputs/confirmation/resource_gpu_h/1011225/H8P16/hourly_seed_1011225,10c7f3a5c90936f5a276779f94ef06caba14b7dd11b37d9e3be818b0c3e19f99
confirmation,resource_gpu_h,1011226,H8P16,0.25,repeated,1.4745607965612355,193.4389798490304,17,True,True,True,0.0,0.0,False,False,False,False,False,False,True,True,0,0.0,32.0,47.185945489959536,46.160856233983054,1.0250892559764821,-5.684341886080802e-14,8178.160567488754,138.46397671495308,0.0,0.0,148.59657955170985,0,0,3,/home/user/projects/AIDRBench/results/nature_mainline/commitment_validation_v1/runs/confirmation/resource_gpu_h/H8P16/repeated_f0.25_1011226.parquet,3f77512d5adc80f3a87a68a3604c619ba0077ad1a01400bb827fd481c3c7e1c6,/home/user/projects/AIDRBench/results/nature_mainline/commitment_validation_v1/inputs/confirmation/resource_gpu_h/1011226/H8P16/hourly_seed_1011226,63fb6106b4e6024c589ce8b96ab3fb6d8435d92b5246cc331bfb9ccabad07c91
confirmation,resource_gpu_h,1011227,H8P16,0.25,repeated,1.4745607965612355,193.4389798490304,23,True,True,True,3.1086244689504383e-15,4.94223212529005e-19,False,False,False,False,False,False,True,True,0,0.0,32.0,47.185945489959536,46.620496834576755,0.5654486553827809,1.327466634393204e-07,8004.584857091031,140.71028638106202,3.1086244689504383e-15,0.0,155.30445806976437,5,5,3,/home/user/projects/AIDRBench/results/nature_mainline/commitment_validation_v1/runs/confirmation/resource_gpu_h/H8P16/repeated_f0.25_1011227.parquet,4f70b5de931a8ace69640ced49274cbff62a2af789a5826936e642fff2470490,/home/user/projects/AIDRBench/results/nature_mainline/commitment_validation_v1/inputs/confirmation/resource_gpu_h/1011227/H8P16/hourly_seed_1011227,fa91b1c834c69b21b57f9ecb9f7cca159e410eeeba41839af1d45b9bbbf51569
confirmation,resource_gpu_h,1011228,H8P16,0.25,repeated,1.4745607965612355,193.4389798490304,21,True,True,True,0.0,0.0,False,False,False,False,False,False,True,True,0,0.0,32.0,47.185945489959536,46.32256671304805,0.8633787769114889,1.1368683772161603e-13,7714.7493699817705,139.6166545251111,0.0,0.0,138.0669756317157,0,0,5,/home/user/projects/AIDRBench/results/nature_mainline/commitment_validation_v1/runs/confirmation/resource_gpu_h/H8P16/repeated_f0.25_1011228.parquet,4315bf090ba007e0bf017c434910aceb7f52e450e7c31fb1869337c6c6a4d244,/home/user/projects/AIDRBench/results/nature_mainline/commitment_validation_v1/inputs/confirmation/resource_gpu_h/1011228/H8P16/hourly_seed_1011228,194a677f68422e2c0f58f7ca3762ae53d622fcc5ec6e40e04a7c4fa35fec3e76
confirmation,resource_gpu_h,1011229,H8P16,0.25,repeated,1.4745607965612355,193.4389798490304,11,True,True,True,2.350897254643769e-14,3.7375630447506004e-18,False,False,False,False,False,False,True,True,0,0.0,32.0,47.185945489959536,46.261666781824914,0.9242787081346222,-6.252776074688882e-13,9171.886640488505,138.94836378996916,2.350897254643769e-14,0.0,164.63891029545994,1,1,5,/home/user/projects/AIDRBench/results/nature_mainline/commitment_validation_v1/runs/confirmation/resource_gpu_h/H8P16/repeated_f0.25_1011229.parquet,3a44b87a4c03ebf8621018fe2db3427d5d423a7f94c04a1e544cdabad629232c,/home/user/projects/AIDRBench/results/nature_mainline/commitment_validation_v1/inputs/confirmation/resource_gpu_h/1011229/H8P16/hourly_seed_1011229,bb32537135ed7d692d3b8a40b5cdde224cc44e02f304197999622d6d1975e238
confirmation,resource_gpu_h,1011230,H8P16,0.25,repeated,1.4745607965612355,193.4389798490304,5,True,True,True,0.0,0.0,False,False,False,False,False,False,True,True,0,0.0,32.0,47.185945489959536,46.311405622919466,0.8745398670400704,2.0792083432752406e-07,7375.497714458924,138.7937456917216,0.0,0.0,142.6771883855618,1,1,7,/home/user/projects/AIDRBench/results/nature_mainline/commitment_validation_v1/runs/confirmation/resource_gpu_h/H8P16/repeated_f0.25_1011230.parquet,98159a18061a19bf52731276577eec5fde076e160b94d838ed09ca38314aeac7,/home/user/projects/AIDRBench/results/nature_mainline/commitment_validation_v1/inputs/confirmation/resource_gpu_h/1011230/H8P16/hourly_seed_1011230,008b5440fb804421bf790c2df6ba94ab3010fb1f76c12e109d4492f295b719f5
confirmation,resource_gpu_h,1011231,H8P16,0.25,repeated,1.4745607965612355,193.4389798490304,13,True,True,True,0.0,0.0,False,False,False,False,False,False,True,True,0,0.0,32.0,47.185945489959536,46.29424966081524,0.8916958291442967,5.684341886080802e-14,7554.051425910887,137.75147679268218,0.0,0.0,143.7900014927431,1,1,7,/home/user/projects/AIDRBench/results/nature_mainline/commitment_validation_v1/runs/confirmation/resource_gpu_h/H8P16/repeated_f0.25_1011231.parquet,079ef8877229387bdf3ba47a3285b4cf0d022375426a66389872be041afb6327,/home/user/projects/AIDRBench/results/nature_mainline/commitment_validation_v1/inputs/confirmation/resource_gpu_h/1011231/H8P16/hourly_seed_1011231,33fc555077e2aaab6d6cef8f65f200cd12273fa3d263cc73e756ee92615e88fa
confirmation,resource_gpu_h,1011232,H8P16,0.25,repeated,1.4745607965612355,193.4389798490304,18,True,True,True,0.0,0.0,False,False,False,False,False,False,True,True,0,0.0,32.0,47.185945489959536,46.271316442796916,0.9146290471626202,7.17934085514571e-08,8564.608043180866,137.8034959139282,0.0,0.0,148.5217161395171,1,1,2,/home/user/projects/AIDRBench/results/nature_mainline/commitment_validation_v1/runs/confirmation/resource_gpu_h/H8P16/repeated_f0.25_1011232.parquet,179bf9090277742db046eed53cbf29fcfffeee4539e5eaf35a2b8613bf716dba,/home/user/projects/AIDRBench/results/nature_mainline/commitment_validation_v1/inputs/confirmation/resource_gpu_h/1011232/H8P16/hourly_seed_1011232,3aab5a9159e2fc211fe532f815b452cebdd8ef9c6d54028f9e14fe33cfccaba0
confirmation,resource_gpu_h,1011233,H8P16,0.25,repeated,1.4745607965612355,193.4389798490304,11,True,True,True,0.0,0.0,False,False,False,False,False,False,True,True,0,0.0,32.0,47.185945489959536,46.233085504237096,0.9528599857224407,-5.684341886080802e-14,9074.848966895926,138.8135138840014,0.0,0.0,161.8440736551018,0,0,5,/home/user/projects/AIDRBench/results/nature_mainline/commitment_validation_v1/runs/confirmation/resource_gpu_h/H8P16/repeated_f0.25_1011233.parquet,4367aa729d1fe5c969be748db06c6964652521ebd5e806e6fabc246c0e95c6d4,/home/user/projects/AIDRBench/results/nature_mainline/commitment_validation_v1/inputs/confirmation/resource_gpu_h/1011233/H8P16/hourly_seed_1011233,3dd3be72c41a6d6528ac22d2657fbbc421c8a0f755e84b69b6cddaf12ca00233
confirmation,resource_gpu_h,1011234,H8P16,0.25,repeated,1.4745607965612355,193.4389798490304,18,True,True,True,0.0,0.0,False,False,False,False,False,False,True,True,0,0.0,32.0,47.185945489959536,46.27499587375726,0.9109496162022737,-3.979039320256561e-13,8570.398075095236,138.79736296494482,0.0,0.0,150.83633156617287,1,1,3,/home/user/projects/AIDRBench/results/nature_mainline/commitment_validation_v1/runs/confirmation/resource_gpu_h/H8P16/repeated_f0.25_1011234.parquet,abb2c92fb66340db6ffef02957e4e20fe3e94cf4e52eae664cfe181d49de559e,/home/user/projects/AIDRBench/results/nature_mainline/commitment_validation_v1/inputs/confirmation/resource_gpu_h/1011234/H8P16/hourly_seed_1011234,265909e046f3f14a3493504f2729f02ba6493ca89ffb9ab8969645f6cf86c5cb
confirmation,resource_gpu_h,1011235,H8P16,0.25,repeated,1.4745607965612355,193.4389798490304,22,True,True,True,0.0,0.0,False,False,False,False,False,False,True,True,0,0.0,32.0,47.185945489959536,46.25636761389043,0.9295778760691036,1.9617959878814872e-07,7910.892061179835,137.75596136443636,0.0,0.0,149.50439464907458,2,2,6,/home/user/projects/AIDRBench/results/nature_mainline/commitment_validation_v1/runs/confirmation/resource_gpu_h/H8P16/repeated_f0.25_1011235.parquet,76d3fb501ed219f43ed0f7c3d4e9b39b9b0b75a2a376ae51fbcdfe401b02235b,/home/user/projects/AIDRBench/results/nature_mainline/commitment_validation_v1/inputs/confirmation/resource_gpu_h/1011235/H8P16/hourly_seed_1011235,3d0ee693b13274abba5e86822610c9cfe6668df000201fc0ba7a012f48a4a052
confirmation,resource_gpu_h,1011236,H8P16,0.25,repeated,1.4745607965612355,193.4389798490304,20,True,True,True,0.0,0.0,False,False,False,False,False,False,True,True,0,0.0,32.0,47.185945489959536,46.28755024180151,0.8983952481580246,5.684341886080801e-13,7891.292871280591,138.1531501934969,0.0,0.0,141.9633771548463,1,1,1,/home/user/projects/AIDRBench/results/nature_mainline/commitment_validation_v1/runs/confirmation/resource_gpu_h/H8P16/repeated_f0.25_1011236.parquet,cbfad29bb72d3297ec3841ddc309a2bd6bf3f977266401f6b1007cf88d9f9429,/home/user/projects/AIDRBench/results/nature_mainline/commitment_validation_v1/inputs/confirmation/resource_gpu_h/1011236/H8P16/hourly_seed_1011236,07e279932faceee20a2d60ad24565825b23fcd1afd411897cc428848827dfb7c
confirmation,resource_gpu_h,1011237,H8P16,0.25,repeated,1.4745607965612355,193.4389798490304,8,True,True,True,0.0,0.0,False,False,False,False,False,False,True,True,0,0.0,32.0,47.185945489959536,46.102667757732775,1.0832777322267617,4.635206209968601e-07,9227.233949465914,137.84627280592417,0.0,0.0,173.52885594824824,5,5,6,/home/user/projects/AIDRBench/results/nature_mainline/commitment_validation_v1/runs/confirmation/resource_gpu_h/H8P16/repeated_f0.25_1011237.parquet,7bce2438eac1d205eeca10a6be603e16324547099a18645c8f0b1f2f450b21c4,/home/user/projects/AIDRBench/results/nature_mainline/commitment_validation_v1/inputs/confirmation/resource_gpu_h/1011237/H8P16/hourly_seed_1011237,bdb50bfc94f0fddb754c7e9f23ad63c858786349b954da28592ef4ce0bcd73c3
confirmation,resource_gpu_h,1011238,H8P16,0.25,repeated,1.4745607965612355,193.4389798490304,18,True,True,True,0.0,0.0,False,False,False,False,False,False,True,True,0,0.0,32.0,47.185945489959536,46.15657447793089,1.0293710120286477,3.5871876649840146,9326.074443018642,141.40151951779262,0.0,0.0,163.19826623644153,1,1,0,/home/user/projects/AIDRBench/results/nature_mainline/commitment_validation_v1/runs/confirmation/resource_gpu_h/H8P16/repeated_f0.25_1011238.parquet,825ef7ea8c43d6202b3a94ef91a59ece467e951760dcf4e7c750a89f28aeb153,/home/user/projects/AIDRBench/results/nature_mainline/commitment_validation_v1/inputs/confirmation/resource_gpu_h/1011238/H8P16/hourly_seed_1011238,a5f34a1f25de2ab04b19b9954cf72734b917bc0734f001acfe33980f764f8103
confirmation,resource_gpu_h,1011239,H8P16,0.25,repeated,1.4745607965612355,193.4389798490304,18,True,True,True,0.0,0.0,False,False,False,False,False,False,True,True,0,0.0,32.0,47.185945489959536,46.55605290635009,0.6298925836094469,7.957277148307185e-08,8525.14113197938,139.66635597541182,0.0,0.0,146.57091629674625,0,0,7,/home/user/projects/AIDRBench/results/nature_mainline/commitment_validation_v1/runs/confirmation/resource_gpu_h/H8P16/repeated_f0.25_1011239.parquet,2cc4f7be5a335c3822fa3071b25c6f1a8946fb29cad606b8f6be8ba83751a2e6,/home/user/projects/AIDRBench/results/nature_mainline/commitment_validation_v1/inputs/confirmation/resource_gpu_h/1011239/H8P16/hourly_seed_1011239,871651e60dc90bac278ef9a0ad773b0c33fb639ab4df42cc0ee8d4cd06983307
confirmation,resource_gpu_h,1011240,H8P16,0.25,repeated,1.4745607965612355,193.4389798490304,21,True,True,True,0.0,0.0,False,False,False,False,False,False,True,True,0,0.0,32.0,47.185945489959536,46.23533479679014,0.950610693169395,-6.252776074688882e-13,8041.767472895874,139.68513215572642,0.0,0.0,150.54192326294196,1,1,5,/home/user/projects/AIDRBench/results/nature_mainline/commitment_validation_v1/runs/confirmation/resource_gpu_h/H8P16/repeated_f0.25_1011240.parquet,5f7bafac0b8beb7a6f0eec814615e4dd141181041c38f77c853aa3b8a0127e1b,/home/user/projects/AIDRBench/results/nature_mainline/commitment_validation_v1/inputs/confirmation/resource_gpu_h/1011240/H8P16/hourly_seed_1011240,f93b80419eb3871d2d8cc6bba2a55438510cb3db6520e6805ae9e34aacbde192
confirmation,resource_gpu_h,1011241,H8P16,0.25,repeated,1.4745607965612355,193.4389798490304,2,True,True,True,4.440892098500626e-15,7.060331607557215e-19,False,False,False,False,False,False,True,True,0,0.0,32.0,47.185945489959536,46.35838392539429,0.8275615645652437,4.6032766931602964e-07,7808.3422608310775,139.53204978271938,4.440892098500626e-15,0.0,149.42128557873562,1,1,5,/home/user/projects/AIDRBench/results/nature_mainline/commitment_validation_v1/runs/confirmation/resource_gpu_h/H8P16/repeated_f0.25_1011241.parquet,a08cc590393c9a5225b7d31571c3cbe312923396c3eb7a697e8ce85466495a4a,/home/user/projects/AIDRBench/results/nature_mainline/commitment_validation_v1/inputs/confirmation/resource_gpu_h/1011241/H8P16/hourly_seed_1011241,5350567e1be59556ed9f586605f205594f29347b527b9e9b16a73a9db37aa27d
confirmation,resource_gpu_h,1011242,H8P16,0.25,repeated,1.4745607965612355,193.4389798490304,0,True,True,True,0.0,0.0,False,False,False,False,False,False,True,True,0,0.0,32.0,47.185945489959536,46.32951889195826,0.8564265980012777,-1.1368683772161603e-13,8415.71881584887,139.36773483975225,0.0,0.0,148.39373092158087,3,3,2,/home/user/projects/AIDRBench/results/nature_mainline/commitment_validation_v1/runs/confirmation/resource_gpu_h/H8P16/repeated_f0.25_1011242.parquet,2678fa73f509df9fc13d6d23233be07d6ab80435dca43f62ecfa95da8251856b,/home/user/projects/AIDRBench/results/nature_mainline/commitment_validation_v1/inputs/confirmation/resource_gpu_h/1011242/H8P16/hourly_seed_1011242,66083f66f94be01c722e63d0c32ae681774fa159dca22137880dfe50d744b6c4
confirmation,resource_gpu_h,1011243,H8P16,0.25,repeated,1.4745607965612355,193.4389798490304,4,True,True,True,0.0,0.0,False,False,False,False,False,False,True,True,0,0.0,32.0,47.185945489959536,46.23482097661463,0.951124513344908,1.9024412267754087e-07,8161.063469887486,138.45984142402523,0.0,0.0,155.84632255304166,1,1,5,/home/user/projects/AIDRBench/results/nature_mainline/commitment_validation_v1/runs/confirmation/resource_gpu_h/H8P16/repeated_f0.25_1011243.parquet,ba00be0dc831c313b17411f8ae5c9bfcc9d20b591f06aecd599fceab19c58cb6,/home/user/projects/AIDRBench/results/nature_mainline/commitment_validation_v1/inputs/confirmation/resource_gpu_h/1011243/H8P16/hourly_seed_1011243,d16c11cdb9c13b094cce6c0707306be9a772f24d265e914947425c4626b47b6f
confirmation,resource_gpu_h,1011244,H8P16,0.25,repeated,1.4745607965612355,193.4389798490304,14,True,True,True,0.0,0.0,False,False,False,False,False,False,True,True,0,0.0,32.0,47.185945489959536,46.15545247527888,1.0304930146806583,2.2737367544323206e-13,8626.592225039056,137.2561325190647,0.0,0.0,159.83133544428028,1,1,1,/home/user/projects/AIDRBench/results/nature_mainline/commitment_validation_v1/runs/confirmation/resource_gpu_h/H8P16/repeated_f0.25_1011244.parquet,6a8245a70ad101b55f41c09aa03a64a2f275a5c388c0adc2731cda1a0e7d26d3,/home/user/projects/AIDRBench/results/nature_mainline/commitment_validation_v1/inputs/confirmation/resource_gpu_h/1011244/H8P16/hourly_seed_1011244,04ac35d8cfd0eabdceae8bcee8c828f98963ca56017807277a68692c7b3f16b8
confirmation,resource_gpu_h,1011245,H8P16,0.25,repeated,1.4745607965612355,193.4389798490304,2,True,True,True,0.0,0.0,False,False,False,False,False,False,True,True,0,0.0,32.0,47.185945489959536,46.41269675913077,0.7732487308287688,4.6032823775021825e-07,8240.754022698264,139.84158194824676,0.0,0.0,158.09624819477446,1,1,5,/home/user/projects/AIDRBench/results/nature_mainline/commitment_validation_v1/runs/confirmation/resource_gpu_h/H8P16/repeated_f0.25_1011245.parquet,c06c8d4f5d5db0d5d7ed6095fd9090412e8322677c11214288b78a9d84827552,/home/user/projects/AIDRBench/results/nature_mainline/commitment_validation_v1/inputs/confirmation/resource_gpu_h/1011245/H8P16/hourly_seed_1011245,4af83a73ae1156d99f0dec4d72a79f3b251d7c2afe5a22395d939097a95106ad
confirmation,resource_gpu_h,1011246,H8P16,0.25,repeated,1.4745607965612355,193.4389798490304,10,True,True,True,0.0,0.0,False,False,False,False,False,False,True,True,0,0.0,32.0,47.185945489959536,46.11695355442174,1.0689919355377953,2.3139818949857727e-09,8595.839132078865,137.85582230747733,0.0,0.0,163.27224950474775,1,1,4,/home/user/projects/AIDRBench/results/nature_mainline/commitment_validation_v1/runs/confirmation/resource_gpu_h/H8P16/repeated_f0.25_1011246.parquet,16043bb6247b8e25cd4f5b44df0c43b02cdfe16801372f9458cce1bc3be7463d,/home/user/projects/AIDRBench/results/nature_mainline/commitment_validation_v1/inputs/confirmation/resource_gpu_h/1011246/H8P16/hourly_seed_1011246,4bc333a62551faf562b101a4427149ad0593ccaea0696ea33618844c841ea97e
confirmation,resource_gpu_h,1011247,H8P16,0.25,repeated,1.4745607965612355,193.4389798490304,1,True,True,True,2.275957200481571e-15,3.6184199488730723e-19,False,False,False,False,False,False,True,True,0,0.0,32.0,47.185945489959536,46.259671836797594,0.9262736531619424,5.936158231634181e-09,8163.69066112182,140.0268843957654,2.275957200481571e-15,0.0,152.49624768806294,3,3,5,/home/user/projects/AIDRBench/results/nature_mainline/commitment_validation_v1/runs/confirmation/resource_gpu_h/H8P16/repeated_f0.25_1011247.parquet,ab6787a5229d54fe49aaeba17f10674f6cd0d9a9b1f14a917fdf1a26b0dfbfbb,/home/user/projects/AIDRBench/results/nature_mainline/commitment_validation_v1/inputs/confirmation/resource_gpu_h/1011247/H8P16/hourly_seed_1011247,3e8f15a66af10c5b4adc3f8374cbf4e744b75dbb6d988b61272853e53a35f927
confirmation,resource_gpu_h,1011248,H8P16,0.25,repeated,1.4745607965612355,193.4389798490304,5,True,True,True,0.0,0.0,False,False,False,False,False,False,True,True,0,0.0,32.0,47.185945489959536,46.22315805475901,0.962787435200525,-2.8421709430404007e-13,8210.423347265169,139.56454894531458,0.0,0.0,149.48413568409393,2,2,2,/home/user/projects/AIDRBench/results/nature_mainline/commitment_validation_v1/runs/confirmation/resource_gpu_h/H8P16/repeated_f0.25_1011248.parquet,975339477fa155a8015ebdade4c3a0e157f1a6be07ee55a69e875b899f9ce555,/home/user/projects/AIDRBench/results/nature_mainline/commitment_validation_v1/inputs/confirmation/resource_gpu_h/1011248/H8P16/hourly_seed_1011248,b65c8cc66b854025ca5498c387846815c75f8463b827d7f3ea94861afb247cc3
confirmation,resource_gpu_h,1011249,H8P16,0.25,repeated,1.4745607965612355,193.4389798490304,23,True,True,True,2.220446049250313e-16,3.5301658037786073e-20,False,False,False,False,False,False,True,True,0,0.0,32.0,47.185945489959536,46.607117527313136,0.5788279626464004,1.3274774346427876e-07,7903.740085825047,140.6353319309316,2.220446049250313e-16,0.0,152.0729425727951,2,2,3,/home/user/projects/AIDRBench/results/nature_mainline/commitment_validation_v1/runs/confirmation/resource_gpu_h/H8P16/repeated_f0.25_1011249.parquet,8618cbee548f1bc1fbe807491f8bb159ceadb8b80adaa722ac5b5a0436309252,/home/user/projects/AIDRBench/results/nature_mainline/commitment_validation_v1/inputs/confirmation/resource_gpu_h/1011249/H8P16/hourly_seed_1011249,80438fb2093f3bb32d517e3e72ca4dbdf1609a9790dac38c9b9f6a1a9694d32a
confirmation,resource_gpu_h,1011250,H8P16,0.25,repeated,1.4745607965612355,193.4389798490304,4,True,True,True,0.0,0.0,False,False,False,False,False,False,True,True,0,0.0,32.0,47.185945489959536,46.41374277760394,0.7722027123555932,9.094947017729282e-13,7490.825967169196,139.5588914003871,0.0,0.0,142.29196657920772,0,0,1,/home/user/projects/AIDRBench/results/nature_mainline/commitment_validation_v1/runs/confirmation/resource_gpu_h/H8P16/repeated_f0.25_1011250.parquet,6e2b05ec1d5db9f78ec98ed4ed683a176eb7980d17ac9b97590f10accb6d7e32,/home/user/projects/AIDRBench/results/nature_mainline/commitment_validation_v1/inputs/confirmation/resource_gpu_h/1011250/H8P16/hourly_seed_1011250,21ec755d8b6b69acf1f212cf148e95a2d9f3ff036c3b3cadaf02b9229c1ee34b
confirmation,resource_gpu_h,1011251,H8P16,0.25,repeated,1.4745607965612355,193.4389798490304,17,True,True,True,8.770761894538737e-15,1.3944154924925498e-18,False,False,False,False,False,False,True,True,0,0.0,32.0,47.185945489959536,46.20411727570348,0.9818282142560548,0.8391803917821221,8909.88422526965,138.37584438013272,8.770761894538737e-15,0.0,155.76412776791273,6,6,1,/home/user/projects/AIDRBench/results/nature_mainline/commitment_validation_v1/runs/confirmation/resource_gpu_h/H8P16/repeated_f0.25_1011251.parquet,f298bc810679c779660413a10baf886c06dbbe35f27916ad5e7b6e8d8108c2c3,/home/user/projects/AIDRBench/results/nature_mainline/commitment_validation_v1/inputs/confirmation/resource_gpu_h/1011251/H8P16/hourly_seed_1011251,cd897622a5f06f15c96f6690c2b2f9b8948fc3568734cb4e3de585f9a0c4c408
confirmation,resource_gpu_h,1011252,H8P16,0.25,repeated,1.4745607965612355,193.4389798490304,12,True,True,True,0.0,0.0,False,False,False,False,False,False,True,True,0,0.0,32.0,47.185945489959536,46.09660870094439,1.0893367890151495,0.0,7926.3239525427625,137.31810354225865,0.0,0.0,150.02000906000393,0,0,7,/home/user/projects/AIDRBench/results/nature_mainline/commitment_validation_v1/runs/confirmation/resource_gpu_h/H8P16/repeated_f0.25_1011252.parquet,3d07eb84a71e53e67c89770c6c775dc3d13606409e41622f41cdbf8cd04415a6,/home/user/projects/AIDRBench/results/nature_mainline/commitment_validation_v1/inputs/confirmation/resource_gpu_h/1011252/H8P16/hourly_seed_1011252,38c75b35ee7dd3dd6779d27fae9b5904896d342ff5e4084835a047a22d73b29e
confirmation,resource_gpu_h,1011253,H8P16,0.25,repeated,1.4745607965612355,193.4389798490304,17,True,True,True,4.785061236134425e-14,7.607507307142898e-18,False,False,False,False,False,False,True,True,0,0.0,32.0,47.185945489959536,46.400998290133636,0.7849471998259006,0.0,8713.785412477708,138.90513156617038,4.785061236134425e-14,0.0,153.028017663859,3,3,6,/home/user/projects/AIDRBench/results/nature_mainline/commitment_validation_v1/runs/confirmation/resource_gpu_h/H8P16/repeated_f0.25_1011253.parquet,cfdc478c5f3e520c71beb4effcc02979f00c4870c689b2ce99926d2c35d5e641,/home/user/projects/AIDRBench/results/nature_mainline/commitment_validation_v1/inputs/confirmation/resource_gpu_h/1011253/H8P16/hourly_seed_1011253,8a43aba0b0ba5b65c1d19ca11c5fb3f862ccda35f8412839ec5dd1a7c814cb49
confirmation,resource_gpu_h,1011254,H8P16,0.25,repeated,1.4745607965612355,193.4389798490304,13,True,True,True,7.771561172376096e-16,1.2355580313225124e-19,False,False,False,False,False,False,True,True,0,0.0,32.0,47.185945489959536,46.15254569565255,1.0333997943069875,1.5669399999751477e-08,9222.909181714418,139.1618461667807,7.771561172376096e-16,0.0,163.4930690175534,2,2,5,/home/user/projects/AIDRBench/results/nature_mainline/commitment_validation_v1/runs/confirmation/resource_gpu_h/H8P16/repeated_f0.25_1011254.parquet,b2cbb9042bd646751dd89a3264b9bcba92debd70215ced1a5bbd972796a6c42d,/home/user/projects/AIDRBench/results/nature_mainline/commitment_validation_v1/inputs/confirmation/resource_gpu_h/1011254/H8P16/hourly_seed_1011254,0966ef5046942a42a88feda220e104e71c109bd97306a7386ccef07c417be9c8
confirmation,resource_gpu_h,1011255,H8P16,0.25,repeated,1.4745607965612355,193.4389798490304,3,True,True,True,0.0,0.0,False,False,False,False,False,False,True,True,0,0.0,32.0,47.185945489959536,46.309902750300296,0.8760427396592405,-5.684341886080802e-14,8523.705444113679,139.0242667148558,0.0,0.0,156.66072271198567,1,1,0,/home/user/projects/AIDRBench/results/nature_mainline/commitment_validation_v1/runs/confirmation/resource_gpu_h/H8P16/repeated_f0.25_1011255.parquet,80c124af570ae064a6bde2669bad02b597aacae80258ba012e67008c30f9214d,/home/user/projects/AIDRBench/results/nature_mainline/commitment_validation_v1/inputs/confirmation/resource_gpu_h/1011255/H8P16/hourly_seed_1011255,bc12c10f35c3750214ca71e16a4d35ea3c6f7f4359f88efcc00c1dcb585e067c
confirmation,resource_gpu_h,1011256,H8P16,0.25,repeated,1.4745607965612355,193.4389798490304,21,True,True,True,6.217248937900877e-15,9.8844642505801e-19,False,False,False,False,False,False,True,True,0,0.0,32.0,47.185945489959536,46.320576755849146,0.8653687341103904,1.0990504506480647e-07,8223.476948197836,141.09167481392222,6.217248937900877e-15,0.0,147.7644551542763,1,1,0,/home/user/projects/AIDRBench/results/nature_mainline/commitment_validation_v1/runs/confirmation/resource_gpu_h/H8P16/repeated_f0.25_1011256.parquet,891efbe0d362ecff895dbdc114131c51b44c1f9b2aa2088d5a83f2d2ca30d560,/home/user/projects/AIDRBench/results/nature_mainline/commitment_validation_v1/inputs/confirmation/resource_gpu_h/1011256/H8P16/hourly_seed_1011256,00ec23208d5a8c0dc6f3ad08ec622056c7d7a469d8784f6e145427167126f7f9
confirmation,resource_gpu_h,1011257,H8P16,0.25,repeated,1.4745607965612355,193.4389798490304,0,True,True,True,0.0,0.0,False,False,False,False,False,False,True,True,0,0.0,32.0,47.185945489959536,46.319128357946624,0.8668171320129119,3.979039320256561e-13,8531.898124763611,138.97130845535156,0.0,0.0,151.47789215354413,7,7,1,/home/user/projects/AIDRBench/results/nature_mainline/commitment_validation_v1/runs/confirmation/resource_gpu_h/H8P16/repeated_f0.25_1011257.parquet,7b5efcd42558fbfa6a9819275f0c34009f28c57a15eede8d2f40a322c975a6b4,/home/user/projects/AIDRBench/results/nature_mainline/commitment_validation_v1/inputs/confirmation/resource_gpu_h/1011257/H8P16/hourly_seed_1011257,8392ab9cb1fc27267e96b015e4a397c9cd35f43f80af072e6aefce1c43537ff9
confirmation,resource_gpu_h,1011258,H8P16,0.25,repeated,1.4745607965612355,193.4389798490304,8,True,True,True,0.0,0.0,False,False,False,False,False,False,True,True,0,0.0,32.0,47.185945489959536,46.11953814476843,1.0664073451911094,4.6352113258762984e-07,9317.740123076594,137.71624551176518,0.0,0.0,176.55462136725447,6,6,6,/home/user/projects/AIDRBench/results/nature_mainline/commitment_validation_v1/runs/confirmation/resource_gpu_h/H8P16/repeated_f0.25_1011258.parquet,1cda725f9b0ae8060b4f398fb0952a3ef8face7799a13f64b92bc480c48666cb,/home/user/projects/AIDRBench/results/nature_mainline/commitment_validation_v1/inputs/confirmation/resource_gpu_h/1011258/H8P16/hourly_seed_1011258,ff0913f39586335623c015b37e5ccc2e345847395bb6b079626efb7c062229ff
confirmation,resource_gpu_h,1011259,H8P16,0.25,repeated,1.4745607965612355,193.4389798490304,13,True,True,True,0.0,0.0,False,False,False,False,False,False,True,True,0,0.0,32.0,47.185945489959536,46.155452305811366,1.0304931841481704,-2.2737367544323206e-13,7370.5193996184635,142.13763652238524,0.0,0.0,143.9280415728186,1,1,0,/home/user/projects/AIDRBench/results/nature_mainline/commitment_validation_v1/runs/confirmation/resource_gpu_h/H8P16/repeated_f0.25_1011259.parquet,c97b53c0f103b8db81620b04858e76424360b49438d51af8c65c6caedd23b450,/home/user/projects/AIDRBench/results/nature_mainline/commitment_validation_v1/inputs/confirmation/resource_gpu_h/1011259/H8P16/hourly_seed_1011259,38ba90d1deae73a6a338ce21d8a884aef8329291dfa1cbb61c89b67edb89a62b
confirmation,resource_gpu_h,1011260,H8P16,0.25,repeated,1.4745607965612355,193.4389798490304,6,True,True,True,1.6653345369377348e-16,2.6476243528339555e-20,False,False,False,False,False,False,True,True,0,0.0,32.0,47.185945489959536,46.17517839526019,1.0107670946993466,4.635207346836978e-07,8369.557208682501,138.25505945925528,1.6653345369377348e-16,0.0,158.32262204448267,2,2,6,/home/user/projects/AIDRBench/results/nature_mainline/commitment_validation_v1/runs/confirmation/resource_gpu_h/H8P16/repeated_f0.25_1011260.parquet,40a5354d80ca27913bd104140fe29dc7456e0866045a859a04f34b77458396c7,/home/user/projects/AIDRBench/results/nature_mainline/commitment_validation_v1/inputs/confirmation/resource_gpu_h/1011260/H8P16/hourly_seed_1011260,2dfa3ef7cca886770eed5da7a2f4dcb83d6bc9d62df6143532311803e0c9316e
confirmation,resource_gpu_h,1011261,H8P16,0.25,repeated,1.4745607965612355,193.4389798490304,18,True,True,True,1.4654943925052066e-14,2.32990943049388e-18,False,False,False,False,False,False,True,True,0,0.0,32.0,47.185945489959536,46.15444261263957,1.0315028773199657,3.5852897123883736,9409.48847034711,140.987777452363,1.4654943925052066e-14,0.0,163.66860744203834,1,1,0,/home/user/projects/AIDRBench/results/nature_mainline/commitment_validation_v1/runs/confirmation/resource_gpu_h/H8P16/repeated_f0.25_1011261.parquet,f6a5bdbac65b8b8d73130489996094549a431376cef08b5c29fdc6532892e713,/home/user/projects/AIDRBench/results/nature_mainline/commitment_validation_v1/inputs/confirmation/resource_gpu_h/1011261/H8P16/hourly_seed_1011261,8c0bc255d0b08c76986a544d2657a8c462ec9cb7874da70ef6381d4ce8313f79
confirmation,resource_gpu_h,1011262,H8P16,0.25,repeated,1.4745607965612355,193.4389798490304,2,True,True,True,0.0,0.0,False,False,False,False,False,False,True,True,0,0.0,32.0,47.185945489959536,46.58030511843549,0.6056403715240464,-4.547473508864641e-13,8350.98591923767,140.2072856290044,0.0,0.0,150.30804597535163,1,1,3,/home/user/projects/AIDRBench/results/nature_mainline/commitment_validation_v1/runs/confirmation/resource_gpu_h/H8P16/repeated_f0.25_1011262.parquet,30febb450f3513075c766a405ae5a3f41b7bc7613b3635198a27450b52b525a0,/home/user/projects/AIDRBench/results/nature_mainline/commitment_validation_v1/inputs/confirmation/resource_gpu_h/1011262/H8P16/hourly_seed_1011262,29dd552b5ec13c5690a4164e757032d2721582a79362e203da511970a3087558
confirmation,resource_gpu_h,1011263,H8P16,0.25,repeated,1.4745607965612355,193.4389798490304,15,True,True,True,0.0,0.0,False,False,False,False,False,False,True,True,0,0.0,32.0,47.185945489959536,46.3195726699571,0.8663728200024394,1.2393314818837098e-07,8969.705596229023,138.00024312855322,0.0,0.0,156.6827038493354,6,6,7,/home/user/projects/AIDRBench/results/nature_mainline/commitment_validation_v1/runs/confirmation/resource_gpu_h/H8P16/repeated_f0.25_1011263.parquet,81cfbcff6cb179c8faab6c66919a9ccb08e16cfb6488135624ff31f16f6b70a2,/home/user/projects/AIDRBench/results/nature_mainline/commitment_validation_v1/inputs/confirmation/resource_gpu_h/1011263/H8P16/hourly_seed_1011263,613426d11ee481e7d3c2992df8aa7f9d05aed2874fc1e96ea69ef7f7ac3f68dc
confirmation,resource_gpu_h,1011264,H8P16,0.25,repeated,1.4745607965612355,193.4389798490304,2,True,True,True,0.0,0.0,False,False,False,False,False,False,True,True,0,0.0,32.0,47.185945489959536,46.45022228558952,0.7357232043700179,-3.410605131648481e-13,8275.533753151707,140.21953748294726,0.0,0.0,150.10870789685288,3,3,3,/home/user/projects/AIDRBench/results/nature_mainline/commitment_validation_v1/runs/confirmation/resource_gpu_h/H8P16/repeated_f0.25_1011264.parquet,6617eaae6ea179c955db5f5de1c7d39277c7514ed4d6a388bfd2ff2cc45ed50c,/home/user/projects/AIDRBench/results/nature_mainline/commitment_validation_v1/inputs/confirmation/resource_gpu_h/1011264/H8P16/hourly_seed_1011264,71a170e8b8c6294802c97d66e9330d6f0199233d0e0a9bfeca6208173d54e554
confirmation,resource_gpu_h,1011265,H8P16,0.25,repeated,1.4745607965612355,193.4389798490304,9,True,True,True,0.0,0.0,False,False,False,False,False,False,True,True,0,0.0,32.0,47.185945489959536,46.07526731163006,1.1106781783294792,-3.979039320256561e-13,8858.930279833216,136.95224289182053,0.0,0.0,170.38592284048963,2,2,7,/home/user/projects/AIDRBench/results/nature_mainline/commitment_validation_v1/runs/confirmation/resource_gpu_h/H8P16/repeated_f0.25_1011265.parquet,f2f952e4e833227e93f13c9a833e2820ae271a27a1846a0f5e76a1dd0646388b,/home/user/projects/AIDRBench/results/nature_mainline/commitment_validation_v1/inputs/confirmation/resource_gpu_h/1011265/H8P16/hourly_seed_1011265,26487ea7fc51d306b65eb1e3700fd70f128ff35e343bfa6663d78db6c40f565e
confirmation,resource_gpu_h,1011266,H8P16,0.25,repeated,1.4745607965612355,193.4389798490304,17,True,True,True,0.0,0.0,False,False,False,False,False,False,True,True,0,0.0,32.0,47.185945489959536,46.42414339955523,0.7618020904043092,3.410605131648481e-13,8603.944953129343,139.02040235960837,0.0,0.0,152.22957257933473,4,4,6,/home/user/projects/AIDRBench/results/nature_mainline/commitment_validation_v1/runs/confirmation/resource_gpu_h/H8P16/repeated_f0.25_1011266.parquet,59a3864d019aa08f989485e26b7b6da48582cbeec8e1f34130361c3a3e3e56bf,/home/user/projects/AIDRBench/results/nature_mainline/commitment_validation_v1/inputs/confirmation/resource_gpu_h/1011266/H8P16/hourly_seed_1011266,27fba02b7cd9cc9f3444a2904259748e6f9237824bacdb71c8836c2b3fa03d78
confirmation,resource_gpu_h,1011267,H8P16,0.25,repeated,1.4745607965612355,193.4389798490304,12,True,True,True,0.0,0.0,False,False,False,False,False,False,True,True,0,0.0,32.0,47.185945489959536,46.287729465311685,0.8982160246478514,1.8563525827630656e-08,8030.8026696180095,138.60122355610125,0.0,0.0,154.63397392841821,1,1,3,/home/user/projects/AIDRBench/results/nature_mainline/commitment_validation_v1/runs/confirmation/resource_gpu_h/H8P16/repeated_f0.25_1011267.parquet,d193f3216e2cabd854fabb514a252613ea086e03dcca275074c7af704cd1093f,/home/user/projects/AIDRBench/results/nature_mainline/commitment_validation_v1/inputs/confirmation/resource_gpu_h/1011267/H8P16/hourly_seed_1011267,5504f5f34e21ca87a43f4136d06171bb9b66e346db12af22fea749a404e22be6
confirmation,resource_gpu_h,1011268,H8P16,0.25,repeated,1.4745607965612355,193.4389798490304,9,True,True,True,0.0,0.0,False,False,False,False,False,False,True,True,0,0.0,32.0,47.185945489959536,46.40140147075664,0.7845440192028974,2.485013510522549e-07,9092.079708346939,137.95283148436135,0.0,0.0,171.7267852309273,4,4,2,/home/user/projects/AIDRBench/results/nature_mainline/commitment_validation_v1/runs/confirmation/resource_gpu_h/H8P16/repeated_f0.25_1011268.parquet,fcc32be51e8216d938c089b44ddcb472953716dcc4475ef14eb6a2928e416138,/home/user/projects/AIDRBench/results/nature_mainline/commitment_validation_v1/inputs/confirmation/resource_gpu_h/1011268/H8P16/hourly_seed_1011268,acc0a3a5c161826db83cee08c1d64e9abc599a470db8fea110d3a4b0a2cfe541
confirmation,resource_gpu_h,1011269,H8P16,0.25,repeated,1.4745607965612355,193.4389798490304,17,True,True,True,0.0,0.0,False,False,False,False,False,False,True,True,0,0.0,32.0,47.185945489959536,46.04224158081499,1.1437039091445484,1.1937487442992278e-07,9284.852142564127,141.29310132808627,0.0,0.0,161.40891327794193,3,3,5,/home/user/projects/AIDRBench/results/nature_mainline/commitment_validation_v1/runs/confirmation/resource_gpu_h/H8P16/repeated_f0.25_1011269.parquet,64c3b75993931635961f25c1007293ef1d4d2a044842deed71ca2e5e22cc4df6,/home/user/projects/AIDRBench/results/nature_mainline/commitment_validation_v1/inputs/confirmation/resource_gpu_h/1011269/H8P16/hourly_seed_1011269,1b54dfcd8cd34c3fce5be436f7d0bf0b08dcb2a2903bf540661ac940de8edc1e
confirmation,resource_gpu_h,1011270,H8P16,0.25,repeated,1.4745607965612355,193.4389798490304,21,True,True,True,0.0,0.0,False,False,False,False,False,False,True,True,0,0.0,32.0,47.185945489959536,46.29905500085633,0.8868904891032088,-7.958078640513122e-13,8372.811515259997,138.23655528258013,0.0,0.0,144.33268763050324,0,0,4,/home/user/projects/AIDRBench/results/nature_mainline/commitment_validation_v1/runs/confirmation/resource_gpu_h/H8P16/repeated_f0.25_1011270.parquet,7eaa01bf441f4c00bdd82bab63d32df3611700bcfa04fb33918deced45c26845,/home/user/projects/AIDRBench/results/nature_mainline/commitment_validation_v1/inputs/confirmation/resource_gpu_h/1011270/H8P16/hourly_seed_1011270,0f51d0aa81f596068b203e9cc88523bd8453cd17fcca2532e3990ee385bcfc09
confirmation,resource_gpu_h,1011271,H8P16,0.25,repeated,1.4745607965612355,193.4389798490304,8,True,True,True,0.0,0.0,False,False,False,False,False,False,True,True,0,0.0,32.0,47.185945489959536,46.24460482643505,0.9413406635244854,6.252776074688882e-13,9246.432523269545,138.43330893549285,0.0,0.0,178.3770305950326,1,1,1,/home/user/projects/AIDRBench/results/nature_mainline/commitment_validation_v1/runs/confirmation/resource_gpu_h/H8P16/repeated_f0.25_1011271.parquet,35e828dfa70da8f6a543294cb4c0c0dc7c074e30e925478fae34718bcb612781,/home/user/projects/AIDRBench/results/nature_mainline/commitment_validation_v1/inputs/confirmation/resource_gpu_h/1011271/H8P16/hourly_seed_1011271,bd65c8dfaaf90a821e9beb25df0b73d4825b1ed44fcacb5ebaceeba1273aafe1
confirmation,resource_gpu_h,1011272,H8P16,0.25,repeated,1.4745607965612355,193.4389798490304,7,True,True,True,0.0,0.0,False,False,False,False,False,False,True,True,0,0.0,32.0,47.185945489959536,46.14391307242548,1.0420324175340596,4.6352022309292806e-07,9295.693546557892,137.80120913016793,0.0,0.0,174.20208209001106,6,6,6,/home/user/projects/AIDRBench/results/nature_mainline/commitment_validation_v1/runs/confirmation/resource_gpu_h/H8P16/repeated_f0.25_1011272.parquet,6c365eb5492f884694bb4e3f1fcbb1c15476c5453a5f669ba657d6106843c2b2,/home/user/projects/AIDRBench/results/nature_mainline/commitment_validation_v1/inputs/confirmation/resource_gpu_h/1011272/H8P16/hourly_seed_1011272,602fd38171bc7bfdd204cd941f116c1402922ecbdd7d64764fff861c211a5d17
confirmation,resource_gpu_h,1011273,H8P16,0.25,repeated,1.4745607965612355,193.4389798490304,23,True,True,True,0.0,0.0,False,False,False,False,False,False,True,True,0,0.0,32.0,47.185945489959536,46.41168016558558,0.7742653243739568,1.0127604355147923e-07,8094.849709129172,139.81514412173533,0.0,0.0,158.65579827266862,5,5,0,/home/user/projects/AIDRBench/results/nature_mainline/commitment_validation_v1/runs/confirmation/resource_gpu_h/H8P16/repeated_f0.25_1011273.parquet,d08ebc29e16945dbd3bd60a48e299f91d9c148d192d39ddf6c5dc56800dd83c7,/home/user/projects/AIDRBench/results/nature_mainline/commitment_validation_v1/inputs/confirmation/resource_gpu_h/1011273/H8P16/hourly_seed_1011273,10374fc2f1984142915464d251b2a45342728702e02f2a06c6dc33a7dadcd7ab
confirmation,resource_gpu_h,1011274,H8P16,0.25,repeated,1.4745607965612355,193.4389798490304,10,True,True,True,0.0,0.0,False,False,False,False,False,False,True,True,0,0.0,32.0,47.185945489959536,46.26099973398374,0.9249457559757985,-2.8421709430404007e-13,9060.992449885813,139.76038010765046,0.0,0.0,167.71333518561644,1,1,0,/home/user/projects/AIDRBench/results/nature_mainline/commitment_validation_v1/runs/confirmation/resource_gpu_h/H8P16/repeated_f0.25_1011274.parquet,97e891fffe8bd277b604d107eab7176e57a89525f48cf0aeaede7e1ba0495337,/home/user/projects/AIDRBench/results/nature_mainline/commitment_validation_v1/inputs/confirmation/resource_gpu_h/1011274/H8P16/hourly_seed_1011274,6e5ffc4d9eb4c318afffa397a2ee2446e34c43667502809716595d98fbb28641
confirmation,resource_gpu_h,1011275,H8P16,0.25,repeated,1.4745607965612355,193.4389798490304,5,True,True,True,0.0,0.0,False,False,False,False,False,False,True,True,0,0.0,32.0,47.185945489959536,46.15578761583379,1.0301578741257487,-1.7053025658242404e-13,8063.506777344694,138.13933959358675,0.0,0.0,155.82927053051077,1,1,5,/home/user/projects/AIDRBench/results/nature_mainline/commitment_validation_v1/runs/confirmation/resource_gpu_h/H8P16/repeated_f0.25_1011275.parquet,90ead123afcf004f29f7f1d2e405c078754a5b5bdfc43fc04c7acf3018e4255c,/home/user/projects/AIDRBench/results/nature_mainline/commitment_validation_v1/inputs/confirmation/resource_gpu_h/1011275/H8P16/hourly_seed_1011275,6d22a1b78101920b3f16b5fdeac1acf94a146dc5c07eb3eccf5ff58d3ef37d66
confirmation,resource_gpu_h,1011276,H8P16,0.25,repeated,1.4745607965612355,193.4389798490304,4,True,True,True,0.0,0.0,False,False,False,False,False,False,True,True,0,0.0,32.0,47.185945489959536,46.40143781400886,0.7845076759506782,-7.389644451905042e-13,7712.125383933393,139.5890750807099,0.0,0.0,141.26584309062847,1,1,3,/home/user/projects/AIDRBench/results/nature_mainline/commitment_validation_v1/runs/confirmation/resource_gpu_h/H8P16/repeated_f0.25_1011276.parquet,8495d00d5b7f10560b9f4f09d2e96c18b8e4df84f987fc6239d6ccfdca25f995,/home/user/projects/AIDRBench/results/nature_mainline/commitment_validation_v1/inputs/confirmation/resource_gpu_h/1011276/H8P16/hourly_seed_1011276,afe8556eae1b2e546ce4acdd8363a628a5524287f2e4f7021779f44568335070
confirmation,resource_gpu_h,1011277,H8P16,0.25,repeated,1.4745607965612355,193.4389798490304,17,True,True,True,3.597122599785507e-14,5.718868602121343e-18,False,False,False,False,False,False,True,True,0,0.0,32.0,47.185945489959536,46.274077489264016,0.9118680006955202,0.8029694174018118,8947.026607235768,138.30757417368136,3.597122599785507e-14,0.0,158.37886076781393,3,3,1,/home/user/projects/AIDRBench/results/nature_mainline/commitment_validation_v1/runs/confirmation/resource_gpu_h/H8P16/repeated_f0.25_1011277.parquet,1cce4c68b83f52602cc5d4bd6f0d14fa3c6d672530c893ec7d66119f94725862,/home/user/projects/AIDRBench/results/nature_mainline/commitment_validation_v1/inputs/confirmation/resource_gpu_h/1011277/H8P16/hourly_seed_1011277,87dda79fa3352687a60bb4690f3ab5c13719395d6731bbc2243b8eb2f4b47da5
confirmation,resource_gpu_h,1011278,H8P16,0.25,repeated,1.4745607965612355,193.4389798490304,12,True,True,True,0.0,0.0,False,False,False,False,False,False,True,True,0,0.0,32.0,47.185945489959536,46.034578431715914,1.151367058243622,1.5094951777427923e-07,8458.689733908044,141.1211080708784,0.0,0.0,161.6010073929855,0,0,0,/home/user/projects/AIDRBench/results/nature_mainline/commitment_validation_v1/runs/confirmation/resource_gpu_h/H8P16/repeated_f0.25_1011278.parquet,843d8d00fa15ce6bbfe3b16cd346fcc82b350d8dafcb24d3b3ee4784eab5f4c1,/home/user/projects/AIDRBench/results/nature_mainline/commitment_validation_v1/inputs/confirmation/resource_gpu_h/1011278/H8P16/hourly_seed_1011278,8f780707239dd893468ae6efdd433e6f8b20b6df3340196fdb4890376a1ef783
confirmation,resource_gpu_h,1011279,H8P16,0.25,repeated,1.4745607965612355,193.4389798490304,8,True,True,True,0.0,0.0,False,False,False,False,False,False,True,True,0,0.0,32.0,47.185945489959536,46.27018250331608,0.9157629866434576,9.094947017729282e-13,9268.096852360566,138.42271301779118,0.0,0.0,174.66799788066575,2,2,1,/home/user/projects/AIDRBench/results/nature_mainline/commitment_validation_v1/runs/confirmation/resource_gpu_h/H8P16/repeated_f0.25_1011279.parquet,1b93172482226d57f43d2432154ce0973aaad13bf6298fa7798febea2677b08c,/home/user/projects/AIDRBench/results/nature_mainline/commitment_validation_v1/inputs/confirmation/resource_gpu_h/1011279/H8P16/hourly_seed_1011279,a82288bad03b00a39091c09809199c1daee2c363ed3f2d7f133951051531d480
confirmation,resource_gpu_h,1011280,H8P16,0.25,repeated,1.4745607965612355,193.4389798490304,9,True,True,True,0.0,0.0,False,False,False,False,False,False,True,True,0,0.0,32.0,47.185945489959536,46.04461912108357,1.1413263688759656,5.684341886080802e-14,8996.961222387823,136.9515618491494,0.0,0.0,173.58932112778584,2,2,7,/home/user/projects/AIDRBench/results/nature_mainline/commitment_validation_v1/runs/confirmation/resource_gpu_h/H8P16/repeated_f0.25_1011280.parquet,27af7055fd2e45c22e7d082e0b64a57a8189ce3211f9f61b4d25df587bdcf707,/home/user/projects/AIDRBench/results/nature_mainline/commitment_validation_v1/inputs/confirmation/resource_gpu_h/1011280/H8P16/hourly_seed_1011280,c4fc3d94ad6f1a1b83c57d32c84f76102c5a94d86dec4bd0034a650779fad8b1
confirmation,resource_gpu_h,1011281,H8P16,0.25,repeated,1.4745607965612355,193.4389798490304,9,True,True,True,0.0,0.0,False,False,False,False,False,False,True,True,0,0.0,32.0,47.185945489959536,46.202608949276396,0.9833365406831405,2.485010668351606e-07,8855.644557962036,137.95283148436147,0.0,0.0,164.7839527609871,0,0,2,/home/user/projects/AIDRBench/results/nature_mainline/commitment_validation_v1/runs/confirmation/resource_gpu_h/H8P16/repeated_f0.25_1011281.parquet,2cb5417ff5715daf9a0ec8b52c06273ffd2b3167c21685c5fb36f36495f50111,/home/user/projects/AIDRBench/results/nature_mainline/commitment_validation_v1/inputs/confirmation/resource_gpu_h/1011281/H8P16/hourly_seed_1011281,982bd6de01401d8b79ec283a009d041010d76fd48def02e17374fe663c359363
confirmation,resource_gpu_h,1011282,H8P16,0.25,repeated,1.4745607965612355,193.4389798490304,0,True,True,True,0.0,0.0,False,False,False,False,False,False,True,True,0,0.0,32.0,47.185945489959536,46.594663155465554,0.5912823344939824,8.88003341970034e-08,7786.248520803802,139.5787815431439,0.0,0.0,151.8348364699284,6,6,6,/home/user/projects/AIDRBench/results/nature_mainline/commitment_validation_v1/runs/confirmation/resource_gpu_h/H8P16/repeated_f0.25_1011282.parquet,0366a74f84d22dc200a4ec88bd8105828ff2ff50087f1328481be69883c7890f,/home/user/projects/AIDRBench/results/nature_mainline/commitment_validation_v1/inputs/confirmation/resource_gpu_h/1011282/H8P16/hourly_seed_1011282,65905afcd579b52507b0f8a0a697cec925a8d227c12c26a2e13f29b9f2be4f6d
confirmation,resource_gpu_h,1011283,H8P16,0.25,repeated,1.4745607965612355,193.4389798490304,8,True,True,True,0.0,0.0,False,False,False,False,False,False,True,True,0,0.0,32.0,47.185945489959536,46.16303157587663,1.0229139140829062,4.6352056415344123e-07,9315.484385295074,137.72618804335085,0.0,0.0,176.49230423430473,5,5,6,/home/user/projects/AIDRBench/results/nature_mainline/commitment_validation_v1/runs/confirmation/resource_gpu_h/H8P16/repeated_f0.25_1011283.parquet,1010df5e2fbaa28f240a52b533e22bb42623d993c4d71ac1dcdbb23772c79ca0,/home/user/projects/AIDRBench/results/nature_mainline/commitment_validation_v1/inputs/confirmation/resource_gpu_h/1011283/H8P16/hourly_seed_1011283,56d7f0ee46d23e1e880585b7d978cefaff957f9098e935ba50d242aa838eed44
confirmation,resource_gpu_h,1011284,H8P16,0.25,repeated,1.4745607965612355,193.4389798490304,13,True,True,True,5.551115123125783e-16,8.825414509446518e-20,False,False,False,False,False,False,True,True,0,0.0,32.0,47.185945489959536,46.40339111944371,0.7825543705158253,7.958078640513122e-13,8153.875776102628,137.94158162040117,5.551115123125783e-16,0.0,154.8209114237086,2,2,6,/home/user/projects/AIDRBench/results/nature_mainline/commitment_validation_v1/runs/confirmation/resource_gpu_h/H8P16/repeated_f0.25_1011284.parquet,66ea0d5b293dba2701ebfe54c66a50c83cca28b4a69433e12ab623c47f08f5be,/home/user/projects/AIDRBench/results/nature_mainline/commitment_validation_v1/inputs/confirmation/resource_gpu_h/1011284/H8P16/hourly_seed_1011284,5754f4111dd28c185586ee27ba63a1b3e03bd3448f2617293f868a22ce6c1f11
confirmation,resource_gpu_h,1011285,H8P16,0.25,repeated,1.4745607965612355,193.4389798490304,22,True,True,True,0.0,0.0,False,False,False,False,False,False,True,True,0,0.0,32.0,47.185945489959536,46.27331792638216,0.9126275635773737,1.9617959878814872e-07,7973.950827127661,137.9122036158326,0.0,0.0,148.5974687920076,2,2,6,/home/user/projects/AIDRBench/results/nature_mainline/commitment_validation_v1/runs/confirmation/resource_gpu_h/H8P16/repeated_f0.25_1011285.parquet,7ed6d97181afaf6a9aad2369e22b856aa35ef74104740eba28a3b337618033a4,/home/user/projects/AIDRBench/results/nature_mainline/commitment_validation_v1/inputs/confirmation/resource_gpu_h/1011285/H8P16/hourly_seed_1011285,e916979ca70565583745dae7663f8d4031895ba1f1609ccd23598291bb31f77b
confirmation,resource_gpu_h,1011286,H8P16,0.25,repeated,1.4745607965612355,193.4389798490304,5,True,True,True,0.0,0.0,False,False,False,False,False,False,True,True,0,0.0,32.0,47.185945489959536,46.339147148190875,0.8467983417686611,4.722459721051564e-07,8565.998999485199,142.00098453466057,0.0,0.0,157.14841754552242,2,2,0,/home/user/projects/AIDRBench/results/nature_mainline/commitment_validation_v1/runs/confirmation/resource_gpu_h/H8P16/repeated_f0.25_1011286.parquet,0dbeec70d1beeef03b5dffc4f3ea17faeab3bc7b1ed118391bea1fee193acf1d,/home/user/projects/AIDRBench/results/nature_mainline/commitment_validation_v1/inputs/confirmation/resource_gpu_h/1011286/H8P16/hourly_seed_1011286,9dced22c1e1cbfca78814b6a4efba135f9c7ad67c71cf513f1353d58ced46127
confirmation,resource_gpu_h,1011287,H8P16,0.25,repeated,1.4745607965612355,193.4389798490304,18,True,True,True,0.0,0.0,False,False,False,False,False,False,True,True,0,0.0,32.0,47.185945489959536,46.253220565296544,0.9327249246629918,1.7053025658242404e-13,7923.854403973318,138.0738953113715,0.0,0.0,140.31325980406012,0,0,4,/home/user/projects/AIDRBench/results/nature_mainline/commitment_validation_v1/runs/confirmation/resource_gpu_h/H8P16/repeated_f0.25_1011287.parquet,4a3d521646d1d0930c6cab523bce004ef5e3cf31b4dc568dbf8822dc7c440ea9,/home/user/projects/AIDRBench/results/nature_mainline/commitment_validation_v1/inputs/confirmation/resource_gpu_h/1011287/H8P16/hourly_seed_1011287,acba313092977d64f94344118f12f98a555fde4ba302399453560278a440be88
confirmation,resource_gpu_h,1011288,H8P16,0.25,repeated,1.4745607965612355,193.4389798490304,2,True,True,True,0.0,0.0,False,False,False,False,False,False,True,True,0,0.0,32.0,47.185945489959536,46.46303256421089,0.7229129257486449,4.6351965465873946e-07,7812.929684379634,140.13111723017153,0.0,0.0,154.461578963795,5,5,6,/home/user/projects/AIDRBench/results/nature_mainline/commitment_validation_v1/runs/confirmation/resource_gpu_h/H8P16/repeated_f0.25_1011288.parquet,f69949ad85a0bb80808e44f5d442d3c7bb6c9e20eabc37fe91d5f9782fdd5652,/home/user/projects/AIDRBench/results/nature_mainline/commitment_validation_v1/inputs/confirmation/resource_gpu_h/1011288/H8P16/hourly_seed_1011288,9216b7e7692ca7561f87056bf2f90a9358b1fc02e1e929f4b028ee5c0b2af3d4
confirmation,resource_gpu_h,1011289,H8P16,0.25,repeated,1.4745607965612355,193.4389798490304,2,True,True,True,0.0,0.0,False,False,False,False,False,False,True,True,0,0.0,32.0,47.185945489959536,46.35835630330246,0.8275891866570788,7.389644451905042e-13,8298.781866820524,139.11740641183104,0.0,0.0,147.03989778646277,1,1,4,/home/user/projects/AIDRBench/results/nature_mainline/commitment_validation_v1/runs/confirmation/resource_gpu_h/H8P16/repeated_f0.25_1011289.parquet,37cc3b34f576256cf1b726e90b8553304d51e7f005630d94f17b32dc2b3d8be5,/home/user/projects/AIDRBench/results/nature_mainline/commitment_validation_v1/inputs/confirmation/resource_gpu_h/1011289/H8P16/hourly_seed_1011289,9320d55d32b7649b19a16e3adac8885032c64fc26e99144237f3cf877e6832fb
confirmation,resource_gpu_h,1011290,H8P16,0.25,repeated,1.4745607965612355,193.4389798490304,14,True,True,True,0.0,0.0,False,False,False,False,False,False,True,True,0,0.0,32.0,47.185945489959536,46.02479012567889,1.1611553642806456,-5.115907697472721e-13,8397.57501752946,137.27459353249023,0.0,0.0,159.17456901818775,1,1,4,/home/user/projects/AIDRBench/results/nature_mainline/commitment_validation_v1/runs/confirmation/resource_gpu_h/H8P16/repeated_f0.25_1011290.parquet,7965727ff05f5972a458abe9414b59f856e5ec81e8f04f7a6c16ea7560982a4a,/home/user/projects/AIDRBench/results/nature_mainline/commitment_validation_v1/inputs/confirmation/resource_gpu_h/1011290/H8P16/hourly_seed_1011290,837d8664b349d374d690e06f4e7056e04b23585075117ed04d3ad9614a607f6e
confirmation,resource_gpu_h,1011291,H8P16,0.25,repeated,1.4745607965612355,193.4389798490304,23,True,True,True,2.0344836926255994e-14,3.234514417712149e-18,False,False,False,False,False,False,True,True,0,0.0,32.0,47.185945489959536,46.485925252404996,0.7000202375545399,-3.410605131648481e-13,7596.7087925989545,139.33980427224014,2.0344836926255994e-14,0.0,147.6335660166235,1,1,1,/home/user/projects/AIDRBench/results/nature_mainline/commitment_validation_v1/runs/confirmation/resource_gpu_h/H8P16/repeated_f0.25_1011291.parquet,3be90d2b2adf442d1acfe39146917f9884e781d2da2925454086843c40f1b5c4,/home/user/projects/AIDRBench/results/nature_mainline/commitment_validation_v1/inputs/confirmation/resource_gpu_h/1011291/H8P16/hourly_seed_1011291,3d1c1f782b8e2f5ba0b808a0a4dc309dc6401a93ad345cb66010fd4017e6133b
confirmation,resource_gpu_h,1011292,H8P16,0.25,repeated,1.4745607965612355,193.4389798490304,16,True,True,True,0.0,0.0,False,False,False,False,False,False,True,True,0,0.0,32.0,47.185945489959536,46.02945712915297,1.1564883608065628,-1.1368683772161603e-13,9054.38242683823,141.03126303881106,0.0,0.0,159.305011712867,5,5,5,/home/user/projects/AIDRBench/results/nature_mainline/commitment_validation_v1/runs/confirmation/resource_gpu_h/H8P16/repeated_f0.25_1011292.parquet,43aca72e9e6116151e484c80cc52830e9f0d8a74e96c13989f8d40e93317f9c8,/home/user/projects/AIDRBench/results/nature_mainline/commitment_validation_v1/inputs/confirmation/resource_gpu_h/1011292/H8P16/hourly_seed_1011292,e628732b6993f94af272b68c33ebd60d44b7673945dcb0742bdc2478b3702bcb
confirmation,resource_gpu_h,1011293,H8P16,0.25,repeated,1.4745607965612355,193.4389798490304,8,True,True,True,0.0,0.0,False,False,False,False,False,False,True,True,0,0.0,32.0,47.185945489959536,46.36555989676626,0.8203855931932793,2.8421709430404007e-13,9266.896439869295,138.44133452209797,0.0,0.0,174.66476033517537,2,2,1,/home/user/projects/AIDRBench/results/nature_mainline/commitment_validation_v1/runs/confirmation/resource_gpu_h/H8P16/repeated_f0.25_1011293.parquet,de44c451dcda5b1e027da1a1cbbfd33f91b2d7494fbcdf1c7b5e7f76f4d0a74e,/home/user/projects/AIDRBench/results/nature_mainline/commitment_validation_v1/inputs/confirmation/resource_gpu_h/1011293/H8P16/hourly_seed_1011293,5260c60cf1775ce9299cc151045bb70db9a2bfe2cbc42427d5cf1def9b3a0856
confirmation,resource_gpu_h,1011294,H8P16,0.25,repeated,1.4745607965612355,193.4389798490304,16,True,True,True,1.4988010832439613e-14,2.3828619175505592e-18,False,False,False,False,False,False,True,True,0,0.0,32.0,47.185945489959536,46.00139399697437,1.1845514929851646,2.2737367544323206e-13,8715.73080162925,137.32025960588237,1.4988010832439613e-14,0.0,157.50488853060028,3,3,2,/home/user/projects/AIDRBench/results/nature_mainline/commitment_validation_v1/runs/confirmation/resource_gpu_h/H8P16/repeated_f0.25_1011294.parquet,d495c717ea5545e9050c18db52bb9ae63fa1572ee493928b30a86529bc313bfc,/home/user/projects/AIDRBench/results/nature_mainline/commitment_validation_v1/inputs/confirmation/resource_gpu_h/1011294/H8P16/hourly_seed_1011294,8476475cddf3d7d8ce0de8c3b1989df15cef88f43d9c8f8f5f09d4224f8251bb
confirmation,resource_gpu_h,1011295,H8P16,0.25,repeated,1.4745607965612355,193.4389798490304,0,True,True,True,0.0,0.0,False,False,False,False,False,False,True,True,0,0.0,32.0,47.185945489959536,46.51344520874326,0.6725002812162728,8.880056157067884e-08,8019.994910143645,139.7671088556134,0.0,0.0,155.06217669133343,6,6,6,/home/user/projects/AIDRBench/results/nature_mainline/commitment_validation_v1/runs/confirmation/resource_gpu_h/H8P16/repeated_f0.25_1011295.parquet,4e41e24f1b451ec55d1dd1772e1fdf4a767699b89a7bf4f5fb66cf9334a264fd,/home/user/projects/AIDRBench/results/nature_mainline/commitment_validation_v1/inputs/confirmation/resource_gpu_h/1011295/H8P16/hourly_seed_1011295,975ba7cc65bf3ad4bc0426303331dc838c4f09f8c41ec2435c843b9f525d4db6
confirmation,resource_gpu_h,1011296,H8P16,0.25,repeated,1.4745607965612355,193.4389798490304,3,True,True,True,0.0,0.0,False,False,False,False,False,False,True,True,0,0.0,32.0,47.185945489959536,46.45886521134196,0.7270802786175778,-2.2737367544323206e-13,8057.34381033978,139.69090172386717,0.0,0.0,145.20184528065707,0,0,3,/home/user/projects/AIDRBench/results/nature_mainline/commitment_validation_v1/runs/confirmation/resource_gpu_h/H8P16/repeated_f0.25_1011296.parquet,5003ce819d7e61a307764b50ebd689b5db5fc0506a074229080ff55a83ac1846,/home/user/projects/AIDRBench/results/nature_mainline/commitment_validation_v1/inputs/confirmation/resource_gpu_h/1011296/H8P16/hourly_seed_1011296,620248a478c1bf3ff4532e5861ebe3cac70a071caf1aae0fd84434143ff95e7f
confirmation,resource_gpu_h,1011297,H8P16,0.25,repeated,1.4745607965612355,193.4389798490304,4,True,True,True,0.0,0.0,False,False,False,False,False,False,True,True,0,0.0,32.0,47.185945489959536,46.376058321563505,0.8098871683960311,1.902437816170277e-07,8049.751314058583,138.42927055934763,0.0,0.0,152.1854087876111,1,1,5,/home/user/projects/AIDRBench/results/nature_mainline/commitment_validation_v1/runs/confirmation/resource_gpu_h/H8P16/repeated_f0.25_1011297.parquet,8798c56469b245f7633bbe24cae1b1ff0fe036eb0f5cef55dc7ae4a27e74d261,/home/user/projects/AIDRBench/results/nature_mainline/commitment_validation_v1/inputs/confirmation/resource_gpu_h/1011297/H8P16/hourly_seed_1011297,e03701d320cbb742115bc0f10e181e65cb668ca1644fb6a7aa77ef8dffe08d28
confirmation,resource_gpu_h,1011298,H8P16,0.25,repeated,1.4745607965612355,193.4389798490304,0,True,True,True,0.0,0.0,False,False,False,False,False,False,True,True,0,0.0,32.0,47.185945489959536,46.57319763156332,0.6127478583962187,8.880027735358453e-08,7788.087734185491,139.43110763824814,0.0,0.0,151.7799675929944,4,4,6,/home/user/projects/AIDRBench/results/nature_mainline/commitment_validation_v1/runs/confirmation/resource_gpu_h/H8P16/repeated_f0.25_1011298.parquet,97a8d3cc00731d11996dfdf098a175e2d23535d187aa7238c2280a2d5471deff,/home/user/projects/AIDRBench/results/nature_mainline/commitment_validation_v1/inputs/confirmation/resource_gpu_h/1011298/H8P16/hourly_seed_1011298,aa87892e8ea13771cca349eb42c6817026697e7eccf1e00a365a3f30e5e7ecc5
confirmation,resource_gpu_h,1011299,H8P16,0.25,repeated,1.4745607965612355,193.4389798490304,15,True,True,True,0.0,0.0,False,False,False,False,False,False,True,True,0,0.0,32.0,47.185945489959536,46.18751050454813,0.9984349854114072,-2.8421709430404007e-13,8327.766797672446,137.46090815256926,0.0,0.0,156.5583547914522,1,1,4,/home/user/projects/AIDRBench/results/nature_mainline/commitment_validation_v1/runs/confirmation/resource_gpu_h/H8P16/repeated_f0.25_1011299.parquet,ca1b2f61fa1e53dc35d37cfe8145699e1d680e3867af8b8dfb041155a876a15e,/home/user/projects/AIDRBench/results/nature_mainline/commitment_validation_v1/inputs/confirmation/resource_gpu_h/1011299/H8P16/hourly_seed_1011299,94949c39f2de5ef97f473d3f353d723570f7af5fb9b9372daadc96e7d78c2a69
confirmation,resource_gpu_h,1011000,H8P16,0.5,repeated,2.949121593122471,193.4389798490304,14,False,False,False,0.0,0.0,False,True,False,False,False,False,True,True,2,0.3511226854235625,32.0,94.37189097991907,90.8994545854423,3.472436394476773,1.1368683772161603e-13,17646.043100207735,268.0376899491943,0.0,0.0,298.5282429508311,2,2,5,/home/user/projects/AIDRBench/results/nature_mainline/commitment_validation_v1/runs/confirmation/resource_gpu_h/H8P16/repeated_f0.5_1011000.parquet,62ab1723b10a3f10a7b9bed08497003eef05d35a9764a24a68a4cea77c23d59c,/home/user/projects/AIDRBench/results/nature_mainline/commitment_validation_v1/inputs/confirmation/resource_gpu_h/1011000/H8P16/hourly_seed_1011000,08d826af14a3579f3a8c7e4814ebe286442f03c3b00677b2e85b28318e04e051
confirmation,resource_gpu_h,1011001,H8P16,0.5,repeated,2.949121593122471,193.4389798490304,6,False,False,False,0.0,0.0,False,True,False,False,False,False,True,True,1,0.3679201554451348,32.0,94.37189097991907,91.16465569820991,3.20723528170916,-4.547473508864641e-13,17426.37928139673,269.99469248416915,0.0,0.0,310.32936025085166,1,1,2,/home/user/projects/AIDRBench/results/nature_mainline/commitment_validation_v1/runs/confirmation/resource_gpu_h/H8P16/repeated_f0.5_1011001.parquet,c55ef783d1fc8b8107f1e04defdd56250594f03bc027de07c1fa74c9d1296726,/home/user/projects/AIDRBench/results/nature_mainline/commitment_validation_v1/inputs/confirmation/resource_gpu_h/1011001/H8P16/hourly_seed_1011001,eea4606299c2c194d54533367155e650176e84bc5e122b31983752410f2f0248
confirmation,resource_gpu_h,1011002,H8P16,0.5,repeated,2.949121593122471,193.4389798490304,8,False,False,False,2.609024107869118e-15,4.1479448194398633e-19,False,True,False,False,False,False,True,True,1,0.009277122818887484,32.0,94.37189097991907,91.37523957021216,2.9966514097069137,1.9337223243654762,18569.76937368746,271.04928290906435,2.609024107869118e-15,0.0,327.880615347927,1,1,0,/home/user/projects/AIDRBench/results/nature_mainline/commitment_validation_v1/runs/confirmation/resource_gpu_h/H8P16/repeated_f0.5_1011002.parquet,c394898621de42b6f8e7aacc6fd0a348659f01ca711977d1353504da0951b7ff,/home/user/projects/AIDRBench/results/nature_mainline/commitment_validation_v1/inputs/confirmation/resource_gpu_h/1011002/H8P16/hourly_seed_1011002,a0ccf95278ab31d0a9b2fc39e9c3d76ad8f4487f857762a1383e0b76ce1e3ac0
confirmation,resource_gpu_h,1011003,H8P16,0.5,repeated,2.949121593122471,193.4389798490304,18,False,False,False,0.0,0.0,True,True,False,False,False,False,True,True,3,1.03076572866705,32.0,94.37189097991907,90.08931333392525,4.282577645993825,0.0,16192.536747928501,266.1466949632551,0.0,0.0,278.87146934158875,0,0,4,/home/user/projects/AIDRBench/results/nature_mainline/commitment_validation_v1/runs/confirmation/resource_gpu_h/H8P16/repeated_f0.5_1011003.parquet,3e57ce9c424ca54d94c94b350885844d600015d9cc03a7acd66d12e798ebe51f,/home/user/projects/AIDRBench/results/nature_mainline/commitment_validation_v1/inputs/confirmation/resource_gpu_h/1011003/H8P16/hourly_seed_1011003,667e7c187a0e36cd3542b5346a5e0fac21e249db4524353302d88f671d26fd26
confirmation,resource_gpu_h,1011004,H8P16,0.5,repeated,2.949121593122471,193.4389798490304,12,False,False,False,0.0,0.0,False,True,False,False,False,False,True,True,1,0.1557835464846713,32.0,94.37189097991907,91.23042127550929,3.1414697044097863,1.1368683772161603e-13,18060.501569731045,269.6832762184225,0.0,0.0,301.37514217206194,0,0,5,/home/user/projects/AIDRBench/results/nature_mainline/commitment_validation_v1/runs/confirmation/resource_gpu_h/H8P16/repeated_f0.5_1011004.parquet,04382a46eda5299ca6ce450185b1a18c58393d608d4baf7473fa149551930d7a,/home/user/projects/AIDRBench/results/nature_mainline/commitment_validation_v1/inputs/confirmation/resource_gpu_h/1011004/H8P16/hourly_seed_1011004,02459c5451debeb6003183a4a0f16a52d39c20399b64432293dd1ba53c463381
confirmation,resource_gpu_h,1011005,H8P16,0.5,repeated,2.949121593122471,193.4389798490304,3,True,True,True,0.0,0.0,False,False,False,False,False,False,True,True,0,0.0,32.0,94.37189097991907,91.83469050807935,2.537200471839725,2.079213459182938e-07,14645.281349297422,270.44309086279577,0.0,0.0,270.28115653060183,1,1,7,/home/user/projects/AIDRBench/results/nature_mainline/commitment_validation_v1/runs/confirmation/resource_gpu_h/H8P16/repeated_f0.5_1011005.parquet,cca64f500fa9dc1f6a553d20a8a46ef4586e31ea936132248a10a6b63a2e6a9e,/home/user/projects/AIDRBench/results/nature_mainline/commitment_validation_v1/inputs/confirmation/resource_gpu_h/1011005/H8P16/hourly_seed_1011005,04a59fe2af61358439dd8cadbf0209eaf73e435db578bed896c9943f7966f29a
confirmation,resource_gpu_h,1011006,H8P16,0.5,repeated,2.949121593122471,193.4389798490304,21,False,False,False,0.0,0.0,True,True,False,False,False,False,True,True,1,0.8119798030091241,32.0,94.37189097991907,91.07688914148997,3.2950018384291013,2.2979838831815869e-07,14895.67535318392,269.1899052357044,0.0,0.0,264.6899062753139,1,1,1,/home/user/projects/AIDRBench/results/nature_mainline/commitment_validation_v1/runs/confirmation/resource_gpu_h/H8P16/repeated_f0.5_1011006.parquet,12c2af873b1fd16dac9958b14e5980e1d5869e2a67e48b7aa13057b531a143ae,/home/user/projects/AIDRBench/results/nature_mainline/commitment_validation_v1/inputs/confirmation/resource_gpu_h/1011006/H8P16/hourly_seed_1011006,e28fab7f42d1e4762ceef28913603ed1f39356d38ecccfa09bd297f86d671c2a
confirmation,resource_gpu_h,1011007,H8P16,0.5,repeated,2.949121593122471,193.4389798490304,6,False,False,False,0.0,0.0,False,True,False,False,False,False,True,True,1,0.009277122818887484,32.0,94.37189097991907,91.55662468336806,2.815266296551016,3.697843453664973e-07,16286.182780802043,270.7510772058895,0.0,0.0,296.6959540527711,2,2,0,/home/user/projects/AIDRBench/results/nature_mainline/commitment_validation_v1/runs/confirmation/resource_gpu_h/H8P16/repeated_f0.5_1011007.parquet,066a4bf211a963dde288de77caed982334b4d89abfb49e761dcc621cea5e456a,/home/user/projects/AIDRBench/results/nature_mainline/commitment_validation_v1/inputs/confirmation/resource_gpu_h/1011007/H8P16/hourly_seed_1011007,b800aefbf29d32079e9701875582d229c8db82a2a2ab44838dce4587c97d37de
confirmation,resource_gpu_h,1011008,H8P16,0.5,repeated,2.949121593122471,193.4389798490304,13,True,True,True,0.0,0.0,False,False,False,False,False,False,True,True,0,0.0,32.0,94.37189097991907,90.96179743833937,3.4100935415796982,5.045104671808076e-07,15914.068081159863,268.4348640446506,0.0,0.0,291.57192411947995,2,2,4,/home/user/projects/AIDRBench/results/nature_mainline/commitment_validation_v1/runs/confirmation/resource_gpu_h/H8P16/repeated_f0.5_1011008.parquet,a805310d88231f39f416e29bc76365f821d9429ea0f71eeec9e376f82893d5ed,/home/user/projects/AIDRBench/results/nature_mainline/commitment_validation_v1/inputs/confirmation/resource_gpu_h/1011008/H8P16/hourly_seed_1011008,b9ec73c59b5cb0c58a62f7c6312daab5a361c0bd597f5e7f7a0a0374238384bd
confirmation,resource_gpu_h,1011009,H8P16,0.5,repeated,2.949121593122471,193.4389798490304,17,False,False,False,0.0,0.0,True,True,False,False,False,False,True,True,1,0.3679201554451632,32.0,94.37189097991907,90.91216652130333,3.4597244586157387,-5.684341886080802e-14,16824.519020766005,267.75420955079636,0.0,0.0,288.270452120812,4,4,2,/home/user/projects/AIDRBench/results/nature_mainline/commitment_validation_v1/runs/confirmation/resource_gpu_h/H8P16/repeated_f0.5_1011009.parquet,387638e2caa9b4ecefdf7b462ad7e09b68dc10c7f3a8413d080ec0338dbe1f67,/home/user/projects/AIDRBench/results/nature_mainline/commitment_validation_v1/inputs/confirmation/resource_gpu_h/1011009/H8P16/hourly_seed_1011009,a5f5a44bf88abc87872b8f9ab5c5f22d3070e1c7144249b6696969bb336981b1
confirmation,resource_gpu_h,1011010,H8P16,0.5,repeated,2.949121593122471,193.4389798490304,0,False,False,False,0.0,0.0,True,True,False,False,False,False,True,True,1,0.36792015544519163,32.0,94.37189097991907,91.14935098003252,3.22253999988655,-5.115907697472721e-13,17475.141890068764,270.0464838890675,0.0,0.0,290.8176564488117,4,4,2,/home/user/projects/AIDRBench/results/nature_mainline/commitment_validation_v1/runs/confirmation/resource_gpu_h/H8P16/repeated_f0.5_1011010.parquet,f7b3f27296a69b1ee2ba084802df1cf2c7496dc969bfc92c4aa4396586321358,/home/user/projects/AIDRBench/results/nature_mainline/commitment_validation_v1/inputs/confirmation/resource_gpu_h/1011010/H8P16/hourly_seed_1011010,250590cd7adc459d5736fe9d5bc8b087b717fe81851f374fd4c46cc54ff589a6
confirmation,resource_gpu_h,1011011,H8P16,0.5,repeated,2.949121593122471,193.4389798490304,13,False,False,False,1.0547118733938987e-14,1.6768287567948378e-18,True,True,False,False,False,False,True,True,1,0.8327150041332496,32.0,94.37189097991907,90.36005856892012,4.011832410998949,8.079393865045859e-08,15889.82515048126,265.91585329972986,1.0547118733938987e-14,0.0,289.1939058878277,1,1,2,/home/user/projects/AIDRBench/results/nature_mainline/commitment_validation_v1/runs/confirmation/resource_gpu_h/H8P16/repeated_f0.5_1011011.parquet,16d75376d763a02f99a33244d65e3eef16bd8cb943f06f408c0e4d1c7d12dcf9,/home/user/projects/AIDRBench/results/nature_mainline/commitment_validation_v1/inputs/confirmation/resource_gpu_h/1011011/H8P16/hourly_seed_1011011,006df3f389e3eb02f632086692c9dc79925283c5929b2a5ecdb11698d773953a
confirmation,resource_gpu_h,1011012,H8P16,0.5,repeated,2.949121593122471,193.4389798490304,4,False,False,False,0.0,0.0,True,True,False,False,False,False,True,True,1,0.3679201554451632,32.0,94.37189097991907,91.24986769192168,3.1220232879973935,-1.7053025658242404e-13,15808.992281224519,270.62859528045925,0.0,0.0,274.0120454716984,1,1,2,/home/user/projects/AIDRBench/results/nature_mainline/commitment_validation_v1/runs/confirmation/resource_gpu_h/H8P16/repeated_f0.5_1011012.parquet,54a996da5a0c4e1811783e66261a8f0d54228d59922943279ae6cb31f3751e54,/home/user/projects/AIDRBench/results/nature_mainline/commitment_validation_v1/inputs/confirmation/resource_gpu_h/1011012/H8P16/hourly_seed_1011012,19c46c8abd537ac7dfc287cd34c0e82234bd176cfd185f9674bab2c2bd9f8c64
confirmation,resource_gpu_h,1011013,H8P16,0.5,repeated,2.949121593122471,193.4389798490304,3,False,False,False,1.734723475976807e-15,2.7579420342020363e-19,True,True,False,False,False,False,True,True,1,0.3511226854235625,32.0,94.37189097991907,90.9358182364357,3.436072743483379,-1.1368683772161603e-13,16196.884127045241,268.73857957280205,1.734723475976807e-15,0.0,286.94122885870183,0,0,5,/home/user/projects/AIDRBench/results/nature_mainline/commitment_validation_v1/runs/confirmation/resource_gpu_h/H8P16/repeated_f0.5_1011013.parquet,7e8eeb622b415b9e14edd5b84ab345ffd710b912756970b2db986e6d18a0af76,/home/user/projects/AIDRBench/results/nature_mainline/commitment_validation_v1/inputs/confirmation/resource_gpu_h/1011013/H8P16/hourly_seed_1011013,212746ff2bb41ce38f79cc2bd6944a8931cbbe660f7718357e615e5b440a58a3
confirmation,resource_gpu_h,1011014,H8P16,0.5,repeated,2.949121593122471,193.4389798490304,15,False,False,False,1.3253483215951858,0.00021070988527599496,True,True,False,False,False,False,True,True,3,0.944016885279539,32.0,94.37189097991907,89.34735521340804,5.024535766511036,-0.454997192601752,16805.27595941153,263.8532725383509,1.3253483215951858,0.0,304.5631671014942,1,1,0,/home/user/projects/AIDRBench/results/nature_mainline/commitment_validation_v1/runs/confirmation/resource_gpu_h/H8P16/repeated_f0.5_1011014.parquet,92baf0a37a839fa2d746dc8e5b2aea6c4102e802e66a5d88f70726486823ad68,/home/user/projects/AIDRBench/results/nature_mainline/commitment_validation_v1/inputs/confirmation/resource_gpu_h/1011014/H8P16/hourly_seed_1011014,ffba4ea7c60877d22354c8911001028b918ebe0e0fe73cba9b01f9c378db08e0
confirmation,resource_gpu_h,1011015,H8P16,0.5,repeated,2.949121593122471,193.4389798490304,22,False,False,False,0.0,0.0,False,True,False,False,False,False,True,True,1,0.009277122818944328,32.0,94.37189097991907,91.6269634771848,2.7449275027342708,2.1389856106522984,15841.210883558226,271.7439556732545,0.0,0.0,293.7679857907061,3,3,0,/home/user/projects/AIDRBench/results/nature_mainline/commitment_validation_v1/runs/confirmation/resource_gpu_h/H8P16/repeated_f0.5_1011015.parquet,912a86318b22220052c1478b5676b4ac1aea69daadc2ce929b93732c0699fb0b,/home/user/projects/AIDRBench/results/nature_mainline/commitment_validation_v1/inputs/confirmation/resource_gpu_h/1011015/H8P16/hourly_seed_1011015,df944c6378390ddae311cd9aec801084c15fa8b81039acdb5adcf5afb7ab0759
confirmation,resource_gpu_h,1011016,H8P16,0.5,repeated,2.949121593122471,193.4389798490304,9,True,True,True,7.716050021144838e-15,1.226732616813066e-18,False,False,False,False,False,False,True,True,0,0.0,32.0,94.37189097991907,90.90516598501051,3.46672499490856,-3.979039320256561e-13,18123.34716450375,267.9687367872112,7.716050021144838e-15,0.0,332.6275838597444,3,3,6,/home/user/projects/AIDRBench/results/nature_mainline/commitment_validation_v1/runs/confirmation/resource_gpu_h/H8P16/repeated_f0.5_1011016.parquet,2a3b6bc6f6d8fad30c7f162b414f133af4d530187bac7bb6c8437515726b4e18,/home/user/projects/AIDRBench/results/nature_mainline/commitment_validation_v1/inputs/confirmation/resource_gpu_h/1011016/H8P16/hourly_seed_1011016,dc15b320e6b5d173104813a190a08d260d0ba6133a91efc2320de20b3c0652cf
confirmation,resource_gpu_h,1011017,H8P16,0.5,repeated,2.949121593122471,193.4389798490304,5,False,False,False,0.0,0.0,True,True,False,False,False,False,True,True,1,0.8119798030091241,32.0,94.37189097991907,90.92481599448791,3.4470749854311578,6.252776074688882e-13,14696.37288231402,268.7101563194375,0.0,0.0,276.24660371179283,1,1,1,/home/user/projects/AIDRBench/results/nature_mainline/commitment_validation_v1/runs/confirmation/resource_gpu_h/H8P16/repeated_f0.5_1011017.parquet,962beb3e79a9431868203e7cdf622c2467d5b218469ffb605b7f9a896d70636a,/home/user/projects/AIDRBench/results/nature_mainline/commitment_validation_v1/inputs/confirmation/resource_gpu_h/1011017/H8P16/hourly_seed_1011017,8c76f681d90f287d5dc5bab26a03351eebe848ca86446f6fc01e3ad86417f53a
confirmation,resource_gpu_h,1011018,H8P16,0.5,repeated,2.949121593122471,193.4389798490304,0,False,False,False,0.0,0.0,True,True,False,False,False,False,True,True,1,0.3679201554451348,32.0,94.37189097991907,91.11690135280247,3.2549896271166006,-5.684341886080802e-14,16821.07839607815,270.1042791752462,0.0,0.0,289.4924583361983,5,5,2,/home/user/projects/AIDRBench/results/nature_mainline/commitment_validation_v1/runs/confirmation/resource_gpu_h/H8P16/repeated_f0.5_1011018.parquet,4d88865322da7332c01f59d487f73cb5674c0bd47e2fbc4a9eb87831a5616308,/home/user/projects/AIDRBench/results/nature_mainline/commitment_validation_v1/inputs/confirmation/resource_gpu_h/1011018/H8P16/hourly_seed_1011018,2fcce8ecc487309bc62899af7f753fc15b288c2d175db3c1560870a75f547faa
confirmation,resource_gpu_h,1011019,H8P16,0.5,repeated,2.949121593122471,193.4389798490304,10,False,False,False,0.51870936726167,8.246676702750911e-05,True,True,False,False,False,False,True,True,3,0.9440168852795106,32.0,94.37189097991907,89.57766864702654,4.794222332892531,-0.17807492719794027,17599.243905906438,266.68874191839427,0.51870936726167,0.0,319.78116121236116,1,1,0,/home/user/projects/AIDRBench/results/nature_mainline/commitment_validation_v1/runs/confirmation/resource_gpu_h/H8P16/repeated_f0.5_1011019.parquet,e6d75ca62cf247183b4805cdc346676e9419c3671b1fa8c73744a061aae868aa,/home/user/projects/AIDRBench/results/nature_mainline/commitment_validation_v1/inputs/confirmation/resource_gpu_h/1011019/H8P16/hourly_seed_1011019,4980753b620c44f1edbac56b4f64e0f234fa5a40f79abdcbe39d88ed7db08429
confirmation,resource_gpu_h,1011020,H8P16,0.5,repeated,2.949121593122471,193.4389798490304,2,False,False,False,0.0,0.0,True,True,False,False,False,False,True,True,1,0.3679201554451348,32.0,94.37189097991907,91.24688257400373,3.125008405915338,3.410605131648481e-13,16179.39327332121,270.4791876814578,0.0,0.0,277.1756474286515,0,0,2,/home/user/projects/AIDRBench/results/nature_mainline/commitment_validation_v1/runs/confirmation/resource_gpu_h/H8P16/repeated_f0.5_1011020.parquet,dc3e96b09898eb7a53524960bc6b30e37dd24f9e7a3aa9b2fe9e1e4688f1d36e,/home/user/projects/AIDRBench/results/nature_mainline/commitment_validation_v1/inputs/confirmation/resource_gpu_h/1011020/H8P16/hourly_seed_1011020,d5314b64dc902a4a3c27cb2ffdf64bfe5353f72d732bb2bd49549fa7d20485a6
confirmation,resource_gpu_h,1011021,H8P16,0.5,repeated,2.949121593122471,193.4389798490304,2,False,False,False,0.0,0.0,True,True,False,False,False,False,True,True,1,0.3511226854235341,32.0,94.37189097991907,90.98136361023586,3.3905273696832126,4.603271577252599e-07,15661.59851830945,270.1205234808436,0.0,0.0,283.89691749190587,1,1,5,/home/user/projects/AIDRBench/results/nature_mainline/commitment_validation_v1/runs/confirmation/resource_gpu_h/H8P16/repeated_f0.5_1011021.parquet,22ba3195a46030af4a49fe11ef8f71e3a209c56ec4b282f59f4927f211c739e5,/home/user/projects/AIDRBench/results/nature_mainline/commitment_validation_v1/inputs/confirmation/resource_gpu_h/1011021/H8P16/hourly_seed_1011021,e65ff5c7cdbb738db81783ca3af55f1126300ac305cd2a37b8e01fad1ad04008
confirmation,resource_gpu_h,1011022,H8P16,0.5,repeated,2.949121593122471,193.4389798490304,16,False,False,False,0.0,0.0,True,True,False,False,False,False,True,True,1,0.8119798030090957,32.0,94.37189097991907,90.50229388769503,3.8695970922240406,1.1368683772161603e-13,17472.001528404806,267.59383171457176,0.0,0.0,297.29116756243775,5,5,1,/home/user/projects/AIDRBench/results/nature_mainline/commitment_validation_v1/runs/confirmation/resource_gpu_h/H8P16/repeated_f0.5_1011022.parquet,109eaf836a2b3dc1f142aaca3604f6f4e56eece8108a0719550b21f0a81ddb2f,/home/user/projects/AIDRBench/results/nature_mainline/commitment_validation_v1/inputs/confirmation/resource_gpu_h/1011022/H8P16/hourly_seed_1011022,d2d80fab612d0614c4f7b1e241de640a7b2c6e682ee77cea81bbebf5fbb5756d
confirmation,resource_gpu_h,1011023,H8P16,0.5,repeated,2.949121593122471,193.4389798490304,8,True,True,True,0.0,0.0,False,False,False,False,False,False,True,True,0,0.0,32.0,94.37189097991907,90.97797444685528,3.3939165330637877,1.1368683772161603e-13,17557.381419636284,268.0031015816443,0.0,0.0,327.625449334089,5,5,7,/home/user/projects/AIDRBench/results/nature_mainline/commitment_validation_v1/runs/confirmation/resource_gpu_h/H8P16/repeated_f0.5_1011023.parquet,2dc4673bb42b1ad9f94817e031c24daf53d47cb411f29b604b962ebf8f13aafd,/home/user/projects/AIDRBench/results/nature_mainline/commitment_validation_v1/inputs/confirmation/resource_gpu_h/1011023/H8P16/hourly_seed_1011023,63367a0007f0980a13fbd30a862fe2cbde63a06fea3f58b1586270c51bf71cd9
confirmation,resource_gpu_h,1011024,H8P16,0.5,repeated,2.949121593122471,193.4389798490304,8,True,True,True,3.9968028886505635e-15,6.354298446801493e-19,False,False,False,False,False,False,True,True,0,0.0,32.0,94.37189097991907,91.18378351706644,3.188107462852628,0.0,18172.368459852278,269.1419582903735,3.9968028886505635e-15,0.0,328.70936008722373,4,4,4,/home/user/projects/AIDRBench/results/nature_mainline/commitment_validation_v1/runs/confirmation/resource_gpu_h/H8P16/repeated_f0.5_1011024.parquet,ff9400f7c1ab2c4c6ee837962f50d12b70238681df82c588c6625793ed19fffe,/home/user/projects/AIDRBench/results/nature_mainline/commitment_validation_v1/inputs/confirmation/resource_gpu_h/1011024/H8P16/hourly_seed_1011024,628ded8e5367253e31f78d549fe39126dbcfe112ffd89b8a52a88477297cf621
confirmation,resource_gpu_h,1011025,H8P16,0.5,repeated,2.949121593122471,193.4389798490304,1,False,False,False,0.0,0.0,True,True,False,False,False,False,True,True,2,1.0307657286671636,32.0,94.37189097991907,90.98811086787413,3.3837801120449456,1.233502189279534e-11,16872.645149431377,268.4888262029258,0.0,0.0,289.4580427628743,3,3,4,/home/user/projects/AIDRBench/results/nature_mainline/commitment_validation_v1/runs/confirmation/resource_gpu_h/H8P16/repeated_f0.5_1011025.parquet,dcd907509e4a3f0189c2e7e6cab1d0048925358914b6c3b2d7dc2d96e2449360,/home/user/projects/AIDRBench/results/nature_mainline/commitment_validation_v1/inputs/confirmation/resource_gpu_h/1011025/H8P16/hourly_seed_1011025,890a470c42c3e9039c9127ed6860b9e0badfba97605389080d1b00197baa3ba1
confirmation,resource_gpu_h,1011026,H8P16,0.5,repeated,2.949121593122471,193.4389798490304,22,True,True,True,0.0,0.0,False,False,False,False,False,False,True,True,0,0.0,32.0,94.37189097991907,91.10407500423992,3.267815975679156,1.9617880298028467e-07,15466.644064951211,268.68187123380926,0.0,0.0,287.5086636156898,3,3,6,/home/user/projects/AIDRBench/results/nature_mainline/commitment_validation_v1/runs/confirmation/resource_gpu_h/H8P16/repeated_f0.5_1011026.parquet,d8e410abdcb69c9870f0ba8a13a1cbe4580d4498bbc10264294835db8126484a,/home/user/projects/AIDRBench/results/nature_mainline/commitment_validation_v1/inputs/confirmation/resource_gpu_h/1011026/H8P16/hourly_seed_1011026,0336f377503b7c3632db9aeedc5c524909976a59b29fb7ef41cbaa14db07cb09
confirmation,resource_gpu_h,1011027,H8P16,0.5,repeated,2.949121593122471,193.4389798490304,15,True,True,True,2.3314683517128287e-14,3.706674093967537e-18,False,False,False,False,False,False,True,True,0,0.0,32.0,94.37189097991907,91.0237892198806,3.3481017600384746,1.2393257975418237e-07,18499.698908848954,269.11324754105533,2.3314683517128287e-14,0.0,306.5255873728889,3,3,7,/home/user/projects/AIDRBench/results/nature_mainline/commitment_validation_v1/runs/confirmation/resource_gpu_h/H8P16/repeated_f0.5_1011027.parquet,be77020073265a26cd8ed5cc63e1224b0dd7540256ed198d62f463ab110dbb6b,/home/user/projects/AIDRBench/results/nature_mainline/commitment_validation_v1/inputs/confirmation/resource_gpu_h/1011027/H8P16/hourly_seed_1011027,f6c521fba7fd13daa46f4d43778dbefb2e90c2d3c89ae685d43effb46d1d70c0
confirmation,resource_gpu_h,1011028,H8P16,0.5,repeated,2.949121593122471,193.4389798490304,11,False,False,False,0.0,0.0,True,True,False,False,False,False,True,True,1,1.027888341880911,32.0,94.37189097991907,90.23622302801306,4.135667951906015,7.426217507600086e-08,16679.403013740834,266.67402297701807,0.0,0.0,304.5318275478184,1,1,3,/home/user/projects/AIDRBench/results/nature_mainline/commitment_validation_v1/runs/confirmation/resource_gpu_h/H8P16/repeated_f0.5_1011028.parquet,a35d686ee2b82b4fbd1026680bb4375ac16ca585c991b89ec7ee1450d119d287,/home/user/projects/AIDRBench/results/nature_mainline/commitment_validation_v1/inputs/confirmation/resource_gpu_h/1011028/H8P16/hourly_seed_1011028,1e1f118aebf62b6c47ca5ccdbc2b9d6c55d9ba70005f484d4c438d2a589a6e3f
confirmation,resource_gpu_h,1011029,H8P16,0.5,repeated,2.949121593122471,193.4389798490304,23,False,False,False,4.440892098500626e-16,7.060331607557215e-20,False,True,False,False,False,False,True,True,2,0.0490373524681198,32.0,94.37189097991907,91.61912047894083,2.7527705009782437,3.36394805344753e-08,15519.728669578139,270.4360819850275,4.440892098500626e-16,0.0,288.96009321886896,6,6,4,/home/user/projects/AIDRBench/results/nature_mainline/commitment_validation_v1/runs/confirmation/resource_gpu_h/H8P16/repeated_f0.5_1011029.parquet,0cadf859fe7a261588a24e3f5cec9ac7a49c7517c02df3a58da4ba9bc00da4c1,/home/user/projects/AIDRBench/results/nature_mainline/commitment_validation_v1/inputs/confirmation/resource_gpu_h/1011029/H8P16/hourly_seed_1011029,df21a9c535e8024fbed7dc1db4b2edd3c864f2b2476ab55ffd5557419ffdce3f
confirmation,resource_gpu_h,1011030,H8P16,0.5,repeated,2.949121593122471,193.4389798490304,15,False,False,False,1.493034234437918,0.00023736935198506785,True,True,False,False,False,False,True,True,3,0.9440168852794821,32.0,94.37189097991907,89.36126570082752,5.010625279091556,-0.5125644134892582,16166.50374902198,264.21396933095343,1.493034234437918,0.0,295.63817584095113,3,3,0,/home/user/projects/AIDRBench/results/nature_mainline/commitment_validation_v1/runs/confirmation/resource_gpu_h/H8P16/repeated_f0.5_1011030.parquet,f22aeb9cb9af2317baceb81150ddbe63f285b9e43b009f5a7bc7747485ffca89,/home/user/projects/AIDRBench/results/nature_mainline/commitment_validation_v1/inputs/confirmation/resource_gpu_h/1011030/H8P16/hourly_seed_1011030,b2952020ea107bb6d572668d58791bb1f3728f2cec24bd3518e6e3deec94248d
confirmation,resource_gpu_h,1011031,H8P16,0.5,repeated,2.949121593122471,193.4389798490304,7,False,False,False,4.4297898682543746e-14,7.042680778538322e-18,False,True,False,False,False,False,True,True,1,0.009277122818944328,32.0,94.37189097991907,91.50974368189469,2.8621472980243823,2.6149555592586466,19474.787459081057,271.0190787779038,4.4297898682543746e-14,0.0,340.80065598518183,6,6,0,/home/user/projects/AIDRBench/results/nature_mainline/commitment_validation_v1/runs/confirmation/resource_gpu_h/H8P16/repeated_f0.5_1011031.parquet,fc96ddcc8681192f6f64beb8cd26b8be3adf550e15edd990349ffc5c75d2fb40,/home/user/projects/AIDRBench/results/nature_mainline/commitment_validation_v1/inputs/confirmation/resource_gpu_h/1011031/H8P16/hourly_seed_1011031,10c4a3c4b06d4a2955e9dcf6a9cf95fb9b3aa70cdc53c0ca109da516b4e97b78
confirmation,resource_gpu_h,1011032,H8P16,0.5,repeated,2.949121593122471,193.4389798490304,18,False,False,False,0.0,0.0,True,True,False,False,False,False,True,True,3,1.0307657286671068,32.0,94.37189097991907,90.06433286328206,4.307558116637011,-5.684341886080802e-14,16416.598743590923,265.8409413745786,0.0,0.0,276.9667586060118,1,1,4,/home/user/projects/AIDRBench/results/nature_mainline/commitment_validation_v1/runs/confirmation/resource_gpu_h/H8P16/repeated_f0.5_1011032.parquet,8e21c2ed984bd0b7b257a7056f8f92a84ca9662fdd248003c0a6058a4e129874,/home/user/projects/AIDRBench/results/nature_mainline/commitment_validation_v1/inputs/confirmation/resource_gpu_h/1011032/H8P16/hourly_seed_1011032,b2e8341da2e1337927a1ff73e03319478ab1b1effb61ac0c0556f7b43454ce3d
confirmation,resource_gpu_h,1011033,H8P16,0.5,repeated,2.949121593122471,193.4389798490304,14,False,False,False,0.0,0.0,False,True,False,False,False,False,True,True,2,0.3511226854235625,32.0,94.37189097991907,90.57125770002659,3.8006332798924802,5.684341886080802e-14,16364.567876666468,267.9532060872712,0.0,0.0,280.22289455452966,0,0,5,/home/user/projects/AIDRBench/results/nature_mainline/commitment_validation_v1/runs/confirmation/resource_gpu_h/H8P16/repeated_f0.5_1011033.parquet,7fd02abdbbf3017671f81b9e852b1ddf9114e320134575f7f1f0d7e18e5ed7c5,/home/user/projects/AIDRBench/results/nature_mainline/commitment_validation_v1/inputs/confirmation/resource_gpu_h/1011033/H8P16/hourly_seed_1011033,02e5cc6c92bc0d0a4e53b5e356c71573e96b798ec65dd70cbf2c15fa0b0c6cf8
confirmation,resource_gpu_h,1011034,H8P16,0.5,repeated,2.949121593122471,193.4389798490304,23,True,True,True,0.0,0.0,False,False,False,False,False,False,True,True,0,0.0,32.0,94.37189097991907,91.22500489355338,3.146886086365697,1.1368683772161603e-13,15057.824461692584,269.19327155895803,0.0,0.0,288.03871018229955,4,4,6,/home/user/projects/AIDRBench/results/nature_mainline/commitment_validation_v1/runs/confirmation/resource_gpu_h/H8P16/repeated_f0.5_1011034.parquet,195400b65d453067bbe253be5b4ed503c10aeb749c4ef1c259ceaab90ee77849,/home/user/projects/AIDRBench/results/nature_mainline/commitment_validation_v1/inputs/confirmation/resource_gpu_h/1011034/H8P16/hourly_seed_1011034,a03993618b8029555f32dd6c3091f0adddb5be5bca55e178d5af92069b2288c5
confirmation,resource_gpu_h,1011035,H8P16,0.5,repeated,2.949121593122471,193.4389798490304,3,False,False,False,0.0,0.0,True,True,False,False,False,False,True,True,2,1.0307657286671636,32.0,94.37189097991907,91.02544850413801,3.3464424757810605,-5.115907697472721e-13,15704.840211918787,268.6298433106218,0.0,0.0,276.8060744629674,0,0,4,/home/user/projects/AIDRBench/results/nature_mainline/commitment_validation_v1/runs/confirmation/resource_gpu_h/H8P16/repeated_f0.5_1011035.parquet,051ae37b1ea373f00a183a9e7a1e8411afdb583bfcf99f2c362075f88647bf25,/home/user/projects/AIDRBench/results/nature_mainline/commitment_validation_v1/inputs/confirmation/resource_gpu_h/1011035/H8P16/hourly_seed_1011035,fc79115a046d5cb6ae116f839defee3fdb25bc9f1ea14393d0611ad46512b220
confirmation,resource_gpu_h,1011036,H8P16,0.5,repeated,2.949121593122471,193.4389798490304,7,True,True,True,0.0,0.0,False,False,False,False,False,False,True,True,0,0.0,32.0,94.37189097991907,91.03780504777848,3.334085932140596,9.663381206337363e-13,17392.77826015889,268.6794498188508,0.0,0.0,331.1255609351009,4,4,7,/home/user/projects/AIDRBench/results/nature_mainline/commitment_validation_v1/runs/confirmation/resource_gpu_h/H8P16/repeated_f0.5_1011036.parquet,427c09d45bc4b6903f362d8e71cb309b2bc89ae09e71ee4b7c6af16645d1fbc3,/home/user/projects/AIDRBench/results/nature_mainline/commitment_validation_v1/inputs/confirmation/resource_gpu_h/1011036/H8P16/hourly_seed_1011036,384cc565800160c429cb7c9d80079b4e5685345d19ceeb48f5909754012b7ec8
confirmation,resource_gpu_h,1011037,H8P16,0.5,repeated,2.949121593122471,193.4389798490304,10,True,True,True,0.0,0.0,False,False,False,False,False,False,True,True,0,0.0,32.0,94.37189097991907,91.09751123776482,3.2743797421542524,2.3138113647291902e-09,16893.80291185799,269.09786730441317,0.0,0.0,305.6706707588662,1,1,4,/home/user/projects/AIDRBench/results/nature_mainline/commitment_validation_v1/runs/confirmation/resource_gpu_h/H8P16/repeated_f0.5_1011037.parquet,a8ab43638992a1c252b213ef36fc96763d1898d8abfe4632de569f9ca5880804,/home/user/projects/AIDRBench/results/nature_mainline/commitment_validation_v1/inputs/confirmation/resource_gpu_h/1011037/H8P16/hourly_seed_1011037,6dab46d50ad1be9c04470e4db8698bd1005395f3fade6b35079a662b30bc7c1b
confirmation,resource_gpu_h,1011038,H8P16,0.5,repeated,2.949121593122471,193.4389798490304,18,False,False,False,0.0,0.0,True,True,False,False,False,False,True,True,3,1.0307657286671068,32.0,94.37189097991907,90.27216102767625,4.099729952242825,-5.684341886080802e-14,15759.648255917644,266.0766858508969,0.0,0.0,271.6568749178178,1,1,4,/home/user/projects/AIDRBench/results/nature_mainline/commitment_validation_v1/runs/confirmation/resource_gpu_h/H8P16/repeated_f0.5_1011038.parquet,ad8c31e2b677175f72e941f6b076d096d6586194ca2c6994afca094d218b8f93,/home/user/projects/AIDRBench/results/nature_mainline/commitment_validation_v1/inputs/confirmation/resource_gpu_h/1011038/H8P16/hourly_seed_1011038,b52f7a7f54978a5008abe4242f083e0592fd5124889bde84f47ac4a30b5f6368
confirmation,resource_gpu_h,1011039,H8P16,0.5,repeated,2.949121593122471,193.4389798490304,10,True,True,True,1.0769163338864018e-14,1.7121304148326244e-18,False,False,False,False,False,False,True,True,0,0.0,32.0,94.37189097991907,91.29785265339308,3.0740383265259936,-2.2737367544323206e-13,16732.981138323143,270.04117965426667,1.0769163338864018e-14,0.0,301.8172466984383,0,0,1,/home/user/projects/AIDRBench/results/nature_mainline/commitment_validation_v1/runs/confirmation/resource_gpu_h/H8P16/repeated_f0.5_1011039.parquet,16a74ff8e0626b4e7b8b9c9bec9e19f9bf399ed25aea3ff6ba5b27b3d27ed3d3,/home/user/projects/AIDRBench/results/nature_mainline/commitment_validation_v1/inputs/confirmation/resource_gpu_h/1011039/H8P16/hourly_seed_1011039,400221506caad449cc026356269f6a25dd8a1b5e4ec1cf6647af93e054efa7f3
confirmation,resource_gpu_h,1011040,H8P16,0.5,repeated,2.949121593122471,193.4389798490304,8,False,False,False,0.0,0.0,True,True,False,False,False,False,True,True,1,0.1557835464846713,32.0,94.37189097991907,91.23915586500613,3.132735114912947,1.0142207429453265e-07,20172.432069989147,269.0577270861405,0.0,0.0,336.61285906665995,6,6,5,/home/user/projects/AIDRBench/results/nature_mainline/commitment_validation_v1/runs/confirmation/resource_gpu_h/H8P16/repeated_f0.5_1011040.parquet,58af5d676a5a81432bf4c1bfb5369561418d87c1de07a5115dcca0ee677579e8,/home/user/projects/AIDRBench/results/nature_mainline/commitment_validation_v1/inputs/confirmation/resource_gpu_h/1011040/H8P16/hourly_seed_1011040,4b44b688841d4643f5d04c7b7f3431c7711fd60a3b8557b7289d63c9eaf7df25
confirmation,resource_gpu_h,1011041,H8P16,0.5,repeated,2.949121593122471,193.4389798490304,15,True,True,True,0.0,0.0,False,False,False,False,False,False,True,True,0,0.0,32.0,94.37189097991907,91.18075107064709,3.191139909271982,1.2393348924888414e-07,18500.057546071253,269.22764888153984,0.0,0.0,306.51705705415196,1,1,7,/home/user/projects/AIDRBench/results/nature_mainline/commitment_validation_v1/runs/confirmation/resource_gpu_h/H8P16/repeated_f0.5_1011041.parquet,bc3d51a451111c6c9ead6ff80d3fa5ded153b829384e5b93f062f18c63f55db8,/home/user/projects/AIDRBench/results/nature_mainline/commitment_validation_v1/inputs/confirmation/resource_gpu_h/1011041/H8P16/hourly_seed_1011041,3651cee78a0be535b1060500f366f2d5453b2631cd6086d8983f15cba44d7651
confirmation,resource_gpu_h,1011042,H8P16,0.5,repeated,2.949121593122471,193.4389798490304,15,False,False,False,6.328271240363392e-15,1.006097254076903e-18,True,True,False,False,False,False,True,True,1,1.0307657286671068,32.0,94.37189097991907,90.0861743024708,4.285716677448278,5.684341886080802e-14,17618.38822161199,265.52921906992435,6.328271240363392e-15,0.0,309.23832129101766,1,1,4,/home/user/projects/AIDRBench/results/nature_mainline/commitment_validation_v1/runs/confirmation/resource_gpu_h/H8P16/repeated_f0.5_1011042.parquet,fdb335b347c28cdd9fbe02a3cdefaedbb5d00a730b2152d445b13dfd497eccd8,/home/user/projects/AIDRBench/results/nature_mainline/commitment_validation_v1/inputs/confirmation/resource_gpu_h/1011042/H8P16/hourly_seed_1011042,4251cef07a53383be174b5a40d5d4f1c9369d8ad3e938189bd96a1941cd75b0e
confirmation,resource_gpu_h,1011043,H8P16,0.5,repeated,2.949121593122471,193.4389798490304,4,False,False,False,0.0,0.0,True,True,False,False,False,False,True,True,1,0.3679201554451632,32.0,94.37189097991907,91.18138560492918,3.190505374989897,-1.7053025658242404e-13,15628.42504205922,270.4479080913572,0.0,0.0,267.3844977307623,1,1,2,/home/user/projects/AIDRBench/results/nature_mainline/commitment_validation_v1/runs/confirmation/resource_gpu_h/H8P16/repeated_f0.5_1011043.parquet,a6fabaf6501be5a86462718eb02b46b0de7462060620559d5c327efacfb55301,/home/user/projects/AIDRBench/results/nature_mainline/commitment_validation_v1/inputs/confirmation/resource_gpu_h/1011043/H8P16/hourly_seed_1011043,406ca8f57abfda3d3f7b8c15df722c4c15b4dff4ac918d804de24bec1791e13a
confirmation,resource_gpu_h,1011044,H8P16,0.5,repeated,2.949121593122471,193.4389798490304,18,False,False,False,0.0,0.0,True,True,False,False,False,False,True,True,3,1.0307657286671636,32.0,94.37189097991907,90.10862343040054,4.263267549518531,0.0,16141.278808507546,266.34851694611564,0.0,0.0,279.1226116050011,0,0,4,/home/user/projects/AIDRBench/results/nature_mainline/commitment_validation_v1/runs/confirmation/resource_gpu_h/H8P16/repeated_f0.5_1011044.parquet,c18184d65871adf9bc0228c559e16a1555232b1bd6ade629bc9c5c81ec259f7d,/home/user/projects/AIDRBench/results/nature_mainline/commitment_validation_v1/inputs/confirmation/resource_gpu_h/1011044/H8P16/hourly_seed_1011044,87bfece2480a5be09d9bead6252a48cb8e05b933535ce41cfb3394952f6ab06b
confirmation,resource_gpu_h,1011045,H8P16,0.5,repeated,2.949121593122471,193.4389798490304,1,False,False,False,0.0,0.0,True,True,False,False,False,False,True,True,2,1.0307657286671068,32.0,94.37189097991907,90.54336412352194,3.828526856397133,1.1993961379630491e-11,16534.429418108615,268.05628805118477,0.0,0.0,288.7826679569471,2,2,4,/home/user/projects/AIDRBench/results/nature_mainline/commitment_validation_v1/runs/confirmation/resource_gpu_h/H8P16/repeated_f0.5_1011045.parquet,701f79e2609a7e26e81e8475d33538785833d669d5efeab70803511814db62d4,/home/user/projects/AIDRBench/results/nature_mainline/commitment_validation_v1/inputs/confirmation/resource_gpu_h/1011045/H8P16/hourly_seed_1011045,f3d7c56ff4816f21b1b3a4e6dfb4921a46df001d69ae9ab6dc1b0889ba05ae20
confirmation,resource_gpu_h,1011046,H8P16,0.5,repeated,2.949121593122471,193.4389798490304,5,True,True,True,1.942890293094024e-16,3.088895078306281e-20,False,False,False,False,False,False,True,True,0,0.0,32.0,94.37189097991907,91.246684246732,3.1252067331870705,4.635203367797658e-07,15001.940329082045,270.779414862002,1.942890293094024e-16,0.0,270.9099041470375,1,1,6,/home/user/projects/AIDRBench/results/nature_mainline/commitment_validation_v1/runs/confirmation/resource_gpu_h/H8P16/repeated_f0.5_1011046.parquet,aa346e57a8e70521f8d59ac21ceb042867f9f07be13d34375b93f6b753cdbc8c,/home/user/projects/AIDRBench/results/nature_mainline/commitment_validation_v1/inputs/confirmation/resource_gpu_h/1011046/H8P16/hourly_seed_1011046,004c249c6012322c94be79aedf35d85fc3e2b3153c39fb37c2abfb025c9f4e89
confirmation,resource_gpu_h,1011047,H8P16,0.5,repeated,2.949121593122471,193.4389798490304,14,False,False,False,1.7401229875689783,0.0002766526422544291,True,True,False,False,False,False,True,True,3,0.944016885279539,32.0,94.37189097991907,89.35600823610986,5.015882743809215,-0.597390880414082,15881.015094029903,263.9934162578586,1.7401229875689783,0.0,286.48050712105487,1,1,0,/home/user/projects/AIDRBench/results/nature_mainline/commitment_validation_v1/runs/confirmation/resource_gpu_h/H8P16/repeated_f0.5_1011047.parquet,b47b8463609b2c8381835f5ca5cae13be1992ade5cf3eb8811fd00268bba5034,/home/user/projects/AIDRBench/results/nature_mainline/commitment_validation_v1/inputs/confirmation/resource_gpu_h/1011047/H8P16/hourly_seed_1011047,2cce335844f31fc635b9b212ab447ce0397a64eff57c36ce59798b48a2c138ac
confirmation,resource_gpu_h,1011048,H8P16,0.5,repeated,2.949121593122471,193.4389798490304,0,True,True,True,5.551115123125783e-16,8.82541450944652e-20,False,False,False,False,False,False,True,True,0,0.0,32.0,94.37189097991907,91.84293680737153,2.528954172547543,8.880107316144858e-08,15121.523344974436,271.67040592230194,5.551115123125783e-16,0.0,284.87830484096196,4,4,6,/home/user/projects/AIDRBench/results/nature_mainline/commitment_validation_v1/runs/confirmation/resource_gpu_h/H8P16/repeated_f0.5_1011048.parquet,79d396883d6518d0be7d3c1dc6155c0c214cc202eb858db914880556cbfd8d91,/home/user/projects/AIDRBench/results/nature_mainline/commitment_validation_v1/inputs/confirmation/resource_gpu_h/1011048/H8P16/hourly_seed_1011048,d9f9c52ff5f367708461662e68e28af0d5f8db68032bda66e7bd70259062bea9
confirmation,resource_gpu_h,1011049,H8P16,0.5,repeated,2.949121593122471,193.4389798490304,21,True,True,True,3.8413716652030416e-14,6.107186840536991e-18,False,False,False,False,False,False,True,True,0,0.0,32.0,94.37189097991907,91.86981009419901,2.502080885720062,1.7053025658242404e-13,15430.928952636714,271.3235851559678,3.8413716652030416e-14,0.0,278.7126654490459,1,1,3,/home/user/projects/AIDRBench/results/nature_mainline/commitment_validation_v1/runs/confirmation/resource_gpu_h/H8P16/repeated_f0.5_1011049.parquet,35efac1815e336cad261347f812300d31fc9e9e7008fc0e0548942bcf7cf28c0,/home/user/projects/AIDRBench/results/nature_mainline/commitment_validation_v1/inputs/confirmation/resource_gpu_h/1011049/H8P16/hourly_seed_1011049,6129a78c0e6ee6eb50be8d72ba805f077073f68290e498329d486989fcb68e95
confirmation,resource_gpu_h,1011050,H8P16,0.5,repeated,2.949121593122471,193.4389798490304,10,True,True,True,0.0,0.0,False,False,False,False,False,False,True,True,0,0.0,32.0,94.37189097991907,90.77239788228263,3.59949309763644,-6.821210263296962e-13,17265.71272600355,267.89100639144687,0.0,0.0,319.1574294608272,1,1,7,/home/user/projects/AIDRBench/results/nature_mainline/commitment_validation_v1/runs/confirmation/resource_gpu_h/H8P16/repeated_f0.5_1011050.parquet,20b9462dd9710b87606e3fae71b94079bf2a5e3319b24fb1c8d7a06ab969fa6f,/home/user/projects/AIDRBench/results/nature_mainline/commitment_validation_v1/inputs/confirmation/resource_gpu_h/1011050/H8P16/hourly_seed_1011050,a8495600b104784f6bced7c159010baab58ff460b5180fd545905db40da50adf
confirmation,resource_gpu_h,1011051,H8P16,0.5,repeated,2.949121593122471,193.4389798490304,22,False,False,False,0.0,0.0,False,True,False,False,False,False,True,True,2,0.0490373524681198,32.0,94.37189097991907,91.3936763680527,2.9782146118663775,9.663381206337363e-13,15356.85623613601,270.6073056737039,0.0,0.0,274.89820114154213,1,1,4,/home/user/projects/AIDRBench/results/nature_mainline/commitment_validation_v1/runs/confirmation/resource_gpu_h/H8P16/repeated_f0.5_1011051.parquet,629f2d3d64ed44ed74fe1a545e4eb44803b908490b0342a69ac754d2a5454c2f,/home/user/projects/AIDRBench/results/nature_mainline/commitment_validation_v1/inputs/confirmation/resource_gpu_h/1011051/H8P16/hourly_seed_1011051,2efa8f3f5a3a2146e96f405575b4554aad3f9849c347c4d4df9096d71cab35c6
confirmation,resource_gpu_h,1011052,H8P16,0.5,repeated,2.949121593122471,193.4389798490304,22,False,False,False,3.774758283725532e-15,6.001281866423633e-19,True,True,False,False,False,False,True,True,1,0.3679201554451632,32.0,94.37189097991907,91.23581968255473,3.1360712973643388,6.398613550118171e-08,14975.311604263876,269.77235493976116,3.774758283725532e-15,0.0,269.18562017082195,1,1,2,/home/user/projects/AIDRBench/results/nature_mainline/commitment_validation_v1/runs/confirmation/resource_gpu_h/H8P16/repeated_f0.5_1011052.parquet,b62ae2be45212a214f097e68607c942be2e40b91c331048340ad2995ef2987b4,/home/user/projects/AIDRBench/results/nature_mainline/commitment_validation_v1/inputs/confirmation/resource_gpu_h/1011052/H8P16/hourly_seed_1011052,b6d2fe8774f0948052ce6da9f21cf5220fcff0eb62d7e603c0ac3b75343fc1c3
confirmation,resource_gpu_h,1011053,H8P16,0.5,repeated,2.949121593122471,193.4389798490304,6,True,True,True,0.0,0.0,False,False,False,False,False,False,True,True,0,0.0,32.0,94.37189097991907,91.18860798146522,3.1832829984538478,4.6352056415344123e-07,16113.185664992669,269.53983743955314,0.0,0.0,298.23511132086185,4,4,6,/home/user/projects/AIDRBench/results/nature_mainline/commitment_validation_v1/runs/confirmation/resource_gpu_h/H8P16/repeated_f0.5_1011053.parquet,40e155f10fa0cd7be004a2db3a30144641851434e9cf12a250205a81eb7fd243,/home/user/projects/AIDRBench/results/nature_mainline/commitment_validation_v1/inputs/confirmation/resource_gpu_h/1011053/H8P16/hourly_seed_1011053,f3680796b5543b34131d5aaa4707ae061f02414d6740e52645f3abde63e87279
confirmation,resource_gpu_h,1011054,H8P16,0.5,repeated,2.949121593122471,193.4389798490304,1,True,True,True,0.0,0.0,False,False,False,False,False,False,True,True,0,0.0,32.0,94.37189097991907,92.03242211704884,2.339468862870234,3.0769263048568973e-07,16163.901141693234,272.7600737697786,0.0,0.0,304.92686419927156,4,4,6,/home/user/projects/AIDRBench/results/nature_mainline/commitment_validation_v1/runs/confirmation/resource_gpu_h/H8P16/repeated_f0.5_1011054.parquet,f963de70ff1b3b735907481c66e27ad6e054d1f4398999f4b821ec041d0cefb5,/home/user/projects/AIDRBench/results/nature_mainline/commitment_validation_v1/inputs/confirmation/resource_gpu_h/1011054/H8P16/hourly_seed_1011054,9f85399cf58b3b5449022391219cd89df8450dc81c7faaf56e9c3ef62e3a369d
confirmation,resource_gpu_h,1011055,H8P16,0.5,repeated,2.949121593122471,193.4389798490304,16,False,False,False,0.0,0.0,True,True,False,False,False,False,True,True,2,0.3511226854235625,32.0,94.37189097991907,90.4986960350696,3.873194944849473,4.547473508864641e-13,18255.416801895735,267.77915329515633,0.0,0.0,306.57727426359287,3,3,5,/home/user/projects/AIDRBench/results/nature_mainline/commitment_validation_v1/runs/confirmation/resource_gpu_h/H8P16/repeated_f0.5_1011055.parquet,2d333020f34280f17ebc3053bd8807631e54a7c3265a55c448d2771d57194b3c,/home/user/projects/AIDRBench/results/nature_mainline/commitment_validation_v1/inputs/confirmation/resource_gpu_h/1011055/H8P16/hourly_seed_1011055,393fe1d3200cbe6d6a1d9255ddc70145e33bd71bb0744f97ea52a5884212ba5b
confirmation,resource_gpu_h,1011056,H8P16,0.5,repeated,2.949121593122471,193.4389798490304,19,False,False,False,0.0,0.0,True,True,False,False,False,False,True,True,3,1.0307657286671068,32.0,94.37189097991907,90.18664314889025,4.185247831028818,1.8845616978069302e-07,16096.937878321774,265.963855564634,0.0,0.0,276.6579364872492,0,0,4,/home/user/projects/AIDRBench/results/nature_mainline/commitment_validation_v1/runs/confirmation/resource_gpu_h/H8P16/repeated_f0.5_1011056.parquet,69d9cce19527914543da5e187edd24ea6b10968a48b118024156b43bb932d210,/home/user/projects/AIDRBench/results/nature_mainline/commitment_validation_v1/inputs/confirmation/resource_gpu_h/1011056/H8P16/hourly_seed_1011056,80610ddf278821f24b9e4d0466ec634ad168d873fdb5e4f349cea0fb187c2ead
confirmation,resource_gpu_h,1011057,H8P16,0.5,repeated,2.949121593122471,193.4389798490304,14,False,False,False,1.8597690846767665,0.0002956745212461791,True,True,False,False,False,False,True,True,3,0.944016885279539,32.0,94.37189097991907,89.34309094073132,5.028800039187757,-0.638465847200905,14722.828081822363,263.8186164579396,1.8597690846767665,0.0,270.7118979599917,1,1,0,/home/user/projects/AIDRBench/results/nature_mainline/commitment_validation_v1/runs/confirmation/resource_gpu_h/H8P16/repeated_f0.5_1011057.parquet,713669d3d31ce88cfa1acf2979a454f228c1c3068ac9ece9d3ce7f8cf7d66d0a,/home/user/projects/AIDRBench/results/nature_mainline/commitment_validation_v1/inputs/confirmation/resource_gpu_h/1011057/H8P16/hourly_seed_1011057,72ce22971c445966213e330fbd61b0bc52dccf79ec400da23885366ad9da0b0e
confirmation,resource_gpu_h,1011058,H8P16,0.5,repeated,2.949121593122471,193.4389798490304,16,False,False,False,0.0,0.0,True,True,False,False,False,False,True,True,3,1.0307657286671636,32.0,94.37189097991907,89.86139753846783,4.510493441451246,5.303314765114919e-08,17407.862785477377,265.5386766182756,0.0,0.0,299.8801939321141,2,2,4,/home/user/projects/AIDRBench/results/nature_mainline/commitment_validation_v1/runs/confirmation/resource_gpu_h/H8P16/repeated_f0.5_1011058.parquet,7494fe9be3828efb572235b42dbaa3260ea6ef1da3480c07cd8f999cf8c06410,/home/user/projects/AIDRBench/results/nature_mainline/commitment_validation_v1/inputs/confirmation/resource_gpu_h/1011058/H8P16/hourly_seed_1011058,39c830a49f8cca740a80543a01d2516653cc184094af73c465b065b62e0e0017
confirmation,resource_gpu_h,1011059,H8P16,0.5,repeated,2.949121593122471,193.4389798490304,12,True,True,True,0.0,0.0,False,False,False,False,False,False,True,True,0,0.0,32.0,94.37189097991907,90.88718890669645,3.4847020732226213,-5.115907697472721e-13,16360.095479829864,267.8778929092788,0.0,0.0,292.8963449416543,0,0,7,/home/user/projects/AIDRBench/results/nature_mainline/commitment_validation_v1/runs/confirmation/resource_gpu_h/H8P16/repeated_f0.5_1011059.parquet,69022f162ec941341ef62310f3963feee85086101dfc1f6af636e38322975acf,/home/user/projects/AIDRBench/results/nature_mainline/commitment_validation_v1/inputs/confirmation/resource_gpu_h/1011059/H8P16/hourly_seed_1011059,d01a38cfe6cb50d9fd99ff8b094dd336df5f3200921777e9949b748312247da1
confirmation,resource_gpu_h,1011060,H8P16,0.5,repeated,2.949121593122471,193.4389798490304,1,False,False,False,0.7376641155046131,0.0001172771856406144,True,True,False,False,False,False,True,True,2,0.6501665870034836,32.0,94.37189097991907,90.61672558724433,3.7551653926747406,-0.2532426183274197,16196.693726564736,267.52907851144414,0.7376641155046131,0.0,292.31276471836816,3,3,0,/home/user/projects/AIDRBench/results/nature_mainline/commitment_validation_v1/runs/confirmation/resource_gpu_h/H8P16/repeated_f0.5_1011060.parquet,13947c6e6ff1059ed912efc39c6aa4f92f5c0aef3ef6f92ecdb6facd961e0f79,/home/user/projects/AIDRBench/results/nature_mainline/commitment_validation_v1/inputs/confirmation/resource_gpu_h/1011060/H8P16/hourly_seed_1011060,9218325fb2d6a0ab406ad964fd6b82f4c6fa425173ced3c547a048d7c5afd5be
confirmation,resource_gpu_h,1011061,H8P16,0.5,repeated,2.949121593122471,193.4389798490304,20,True,True,True,0.0,0.0,False,False,False,False,False,False,True,True,0,0.0,32.0,94.37189097991907,91.55396890871702,2.817922071202048,2.04808998205408e-07,15919.570202433535,270.4833271860314,0.0,0.0,282.94832999967196,1,1,7,/home/user/projects/AIDRBench/results/nature_mainline/commitment_validation_v1/runs/confirmation/resource_gpu_h/H8P16/repeated_f0.5_1011061.parquet,f58cec3314cdb3b41b732ad180be390aa2f1b6da048472752af652373dc0071f,/home/user/projects/AIDRBench/results/nature_mainline/commitment_validation_v1/inputs/confirmation/resource_gpu_h/1011061/H8P16/hourly_seed_1011061,5d473827815777e627ee706b65fde8f2e72c4d7071c1f97fcfb8015ab7375ee6
confirmation,resource_gpu_h,1011062,H8P16,0.5,repeated,2.949121593122471,193.4389798490304,10,False,False,False,7.771561172376096e-16,1.2355580313225124e-19,True,True,False,False,False,False,True,True,1,1.027888341880911,32.0,94.37189097991907,90.2683249869807,4.103565992938371,-5.115907697472721e-13,17478.43778658349,266.51794228693313,7.771561172376096e-16,0.0,317.72444001982757,1,1,3,/home/user/projects/AIDRBench/results/nature_mainline/commitment_validation_v1/runs/confirmation/resource_gpu_h/H8P16/repeated_f0.5_1011062.parquet,a4e0adb58a25f6fa46682eaf3ca4c36fbc68abb356aa4921b8ba07a1bca3acbe,/home/user/projects/AIDRBench/results/nature_mainline/commitment_validation_v1/inputs/confirmation/resource_gpu_h/1011062/H8P16/hourly_seed_1011062,1aa38b13dc178c949843d6b1eb7b1eb548b2fefcbba68edfa4a25d12f1c94cd6
confirmation,resource_gpu_h,1011063,H8P16,0.5,repeated,2.949121593122471,193.4389798490304,8,True,True,True,0.0,0.0,False,False,False,False,False,False,True,True,0,0.0,32.0,94.37189097991907,91.13720015157571,3.2346908283433606,4.6352022309292806e-07,18528.21893958927,268.64645975663757,0.0,0.0,333.2638477557389,4,4,6,/home/user/projects/AIDRBench/results/nature_mainline/commitment_validation_v1/runs/confirmation/resource_gpu_h/H8P16/repeated_f0.5_1011063.parquet,d5667af315db409d177c0738ed9dc4291df1de255b8b618be04b279a0573a644,/home/user/projects/AIDRBench/results/nature_mainline/commitment_validation_v1/inputs/confirmation/resource_gpu_h/1011063/H8P16/hourly_seed_1011063,38df5417f8d1a4104006ff6fbc407531d1ecb4235d25a71df26e9c0a50b5e2dd
confirmation,resource_gpu_h,1011064,H8P16,0.5,repeated,2.949121593122471,193.4389798490304,15,True,True,True,0.0,0.0,False,False,False,False,False,False,True,True,0,0.0,32.0,94.37189097991907,91.0570163982996,3.3148745816194776,-1.1368683772161603e-13,17095.782073646984,267.8799789845271,0.0,0.0,295.6570817596782,3,3,2,/home/user/projects/AIDRBench/results/nature_mainline/commitment_validation_v1/runs/confirmation/resource_gpu_h/H8P16/repeated_f0.5_1011064.parquet,3cd8b86b41f1696ee1c421e86a231dc4f4538aa482ea87839917eac7cc751e49,/home/user/projects/AIDRBench/results/nature_mainline/commitment_validation_v1/inputs/confirmation/resource_gpu_h/1011064/H8P16/hourly_seed_1011064,5c9ae33e94f60a235c17f860b1543eb53cbd60714c98d4390e969842651af9aa
confirmation,resource_gpu_h,1011065,H8P16,0.5,repeated,2.949121593122471,193.4389798490304,0,False,False,False,0.0,0.0,True,True,False,False,False,False,True,True,1,0.8119798030091241,32.0,94.37189097991907,90.5374051257985,3.8344858541205724,6.252776074688882e-13,17553.636130782943,268.1130191912091,0.0,0.0,294.6682254379818,3,3,1,/home/user/projects/AIDRBench/results/nature_mainline/commitment_validation_v1/runs/confirmation/resource_gpu_h/H8P16/repeated_f0.5_1011065.parquet,546ea45218249e0a6749212ae84aaf4798d6942c4ebb0db9f3c5ccbc079db215,/home/user/projects/AIDRBench/results/nature_mainline/commitment_validation_v1/inputs/confirmation/resource_gpu_h/1011065/H8P16/hourly_seed_1011065,e3e1338907a2a9f583577772de01da55dd55aef46101eaf07ecc690c9fea68e2
confirmation,resource_gpu_h,1011066,H8P16,0.5,repeated,2.949121593122471,193.4389798490304,14,False,False,False,0.0,0.0,False,True,False,False,False,False,True,True,2,0.3511226854235625,32.0,94.37189097991907,90.63964768049345,3.732243299425619,-3.979039320256561e-13,16676.570584982313,267.9425513993897,0.0,0.0,286.286736016665,1,1,5,/home/user/projects/AIDRBench/results/nature_mainline/commitment_validation_v1/runs/confirmation/resource_gpu_h/H8P16/repeated_f0.5_1011066.parquet,10dcc10d18f4c764b17c2608181e641c5e4779e5d9b5cd5fc3cbfc47baac3878,/home/user/projects/AIDRBench/results/nature_mainline/commitment_validation_v1/inputs/confirmation/resource_gpu_h/1011066/H8P16/hourly_seed_1011066,4a864dffacf6834886ed5d5a1008d1103f71c0192e7db1328656980bef361ea1
confirmation,resource_gpu_h,1011067,H8P16,0.5,repeated,2.949121593122471,193.4389798490304,12,True,True,True,1.9539925233402755e-14,3.1065459073251742e-18,False,False,False,False,False,False,True,True,0,0.0,32.0,94.37189097991907,91.21916670132805,3.152724278591023,5.695500249203178e-08,17401.74338732194,270.14689035028493,1.9539925233402755e-14,0.0,311.5671922942987,0,0,1,/home/user/projects/AIDRBench/results/nature_mainline/commitment_validation_v1/runs/confirmation/resource_gpu_h/H8P16/repeated_f0.5_1011067.parquet,221f15d33c9011fb622bb4db8444a455e9f9c01bc338eee95873c94f472651d9,/home/user/projects/AIDRBench/results/nature_mainline/commitment_validation_v1/inputs/confirmation/resource_gpu_h/1011067/H8P16/hourly_seed_1011067,19178c2bebac7d3c994febb74844f20ac9a11f3639803c70971586c6a8899ae9
confirmation,resource_gpu_h,1011068,H8P16,0.5,repeated,2.949121593122471,193.4389798490304,6,True,True,True,7.216449660063518e-16,1.1473038862280474e-19,False,False,False,False,False,False,True,True,0,0.0,32.0,94.37189097991907,91.14300289094905,3.2288880889700238,4.6352039362318465e-07,15417.812808184968,269.3007205920379,7.216449660063518e-16,0.0,290.8640865720122,4,4,6,/home/user/projects/AIDRBench/results/nature_mainline/commitment_validation_v1/runs/confirmation/resource_gpu_h/H8P16/repeated_f0.5_1011068.parquet,ad70d86e3bf8856b524b45f0179050eed5d5d735a1dd4ed7c245a4816269fb9f,/home/user/projects/AIDRBench/results/nature_mainline/commitment_validation_v1/inputs/confirmation/resource_gpu_h/1011068/H8P16/hourly_seed_1011068,928969b497790a6b76dbf06f2ae370babdff3613cf0bcacc4513c72192c2ad95
confirmation,resource_gpu_h,1011069,H8P16,0.5,repeated,2.949121593122471,193.4389798490304,10,False,False,False,0.0,0.0,True,True,False,False,False,False,True,True,1,1.0278883418808826,32.0,94.37189097991907,90.35520383350746,4.016687146411613,-7.958078640513122e-13,17015.195909631682,266.6033803000099,0.0,0.0,308.1269397244303,0,0,3,/home/user/projects/AIDRBench/results/nature_mainline/commitment_validation_v1/runs/confirmation/resource_gpu_h/H8P16/repeated_f0.5_1011069.parquet,6cd58dd9628fc6bdb84601a8637b540e26c6cf9d5a05792a5b69d6552a20938a,/home/user/projects/AIDRBench/results/nature_mainline/commitment_validation_v1/inputs/confirmation/resource_gpu_h/1011069/H8P16/hourly_seed_1011069,ccb402145113850d596c0b2f92fb95f4c29446f44bead715d0e400ccd13c55ad
confirmation,resource_gpu_h,1011070,H8P16,0.5,repeated,2.949121593122471,193.4389798490304,20,True,True,True,0.0,0.0,False,False,False,False,False,False,True,True,0,0.0,32.0,94.37189097991907,91.24135432397856,3.130536655940517,1.1368683772161603e-13,15636.846621810953,269.6704833119515,0.0,0.0,269.2356001616993,1,1,6,/home/user/projects/AIDRBench/results/nature_mainline/commitment_validation_v1/runs/confirmation/resource_gpu_h/H8P16/repeated_f0.5_1011070.parquet,860c9cd71feea3d528ed2ea8ffb7c62d29d1fe2149f74c141bfbb3d72cb216f2,/home/user/projects/AIDRBench/results/nature_mainline/commitment_validation_v1/inputs/confirmation/resource_gpu_h/1011070/H8P16/hourly_seed_1011070,09427d3ff6a7e48ec418a07cf1fc260f5b897d192f2844fc836518771fddb6d9
confirmation,resource_gpu_h,1011071,H8P16,0.5,repeated,2.949121593122471,193.4389798490304,4,False,False,False,0.0,0.0,True,True,False,False,False,False,True,True,1,0.8119798030090957,32.0,94.37189097991907,90.70575123951886,3.6661397404002116,5.684341886080802e-14,14910.576164125745,268.6104594838522,0.0,0.0,271.50668932432836,1,1,1,/home/user/projects/AIDRBench/results/nature_mainline/commitment_validation_v1/runs/confirmation/resource_gpu_h/H8P16/repeated_f0.5_1011071.parquet,6a77c58ff66da38697fa73ca006bccd3d0d7c1a60fd75fce17a04f914dd96311,/home/user/projects/AIDRBench/results/nature_mainline/commitment_validation_v1/inputs/confirmation/resource_gpu_h/1011071/H8P16/hourly_seed_1011071,0c8436c13978a9d13cc393bf646f38043ad06285642f84298ced0ce072af2768
confirmation,resource_gpu_h,1011072,H8P16,0.5,repeated,2.949121593122471,193.4389798490304,18,True,True,True,2.7755575615628914e-16,4.4127072547232585e-20,False,False,False,False,False,False,True,True,0,0.0,32.0,94.37189097991907,91.59249130228699,2.7793996776320853,7.957174830153235e-08,16900.75818568544,270.51941145627944,2.7755575615628914e-16,0.0,283.41289336031275,2,2,7,/home/user/projects/AIDRBench/results/nature_mainline/commitment_validation_v1/runs/confirmation/resource_gpu_h/H8P16/repeated_f0.5_1011072.parquet,05c84aca3a720853b31a4abcfdc15c4fc34da5be51930d6866c03f34344b8d4c,/home/user/projects/AIDRBench/results/nature_mainline/commitment_validation_v1/inputs/confirmation/resource_gpu_h/1011072/H8P16/hourly_seed_1011072,f73094c5c640ce545d2acec483ea36925924c3abff9517e393aab8077e3f5bec
confirmation,resource_gpu_h,1011073,H8P16,0.5,repeated,2.949121593122471,193.4389798490304,14,True,True,True,0.0,0.0,False,False,False,False,False,False,True,True,0,0.0,32.0,94.37189097991907,91.21982745716076,3.1520635227583114,0.0,16250.628637459002,268.69581175261953,0.0,0.0,283.6696875680844,1,1,7,/home/user/projects/AIDRBench/results/nature_mainline/commitment_validation_v1/runs/confirmation/resource_gpu_h/H8P16/repeated_f0.5_1011073.parquet,243ca1fc40f258a0469ad740828711b31e45b0276bd05cb6d6cd726b47b9029f,/home/user/projects/AIDRBench/results/nature_mainline/commitment_validation_v1/inputs/confirmation/resource_gpu_h/1011073/H8P16/hourly_seed_1011073,5b80c2a056ae6979422bd27d9caebbf76cf460da145abd439c592e3eb39038b2
confirmation,resource_gpu_h,1011074,H8P16,0.5,repeated,2.949121593122471,193.4389798490304,0,False,False,False,0.0,0.0,True,True,False,False,False,False,True,True,1,0.3679201554451632,32.0,94.37189097991907,91.32828015086761,3.0436108290514596,-1.1368683772161603e-13,16706.95762097458,269.8511732964163,0.0,0.0,289.2393524573683,6,6,2,/home/user/projects/AIDRBench/results/nature_mainline/commitment_validation_v1/runs/confirmation/resource_gpu_h/H8P16/repeated_f0.5_1011074.parquet,373a22ea811fe2dbe65a222816009b67ad4be08f9134f3268e0f3c12c0f07b39,/home/user/projects/AIDRBench/results/nature_mainline/commitment_validation_v1/inputs/confirmation/resource_gpu_h/1011074/H8P16/hourly_seed_1011074,f66a673e71025afdf06da820aa760cc610d0c2f3d4929c4a1a2b978d02de1e56
confirmation,resource_gpu_h,1011075,H8P16,0.5,repeated,2.949121593122471,193.4389798490304,6,True,True,True,4.440892098500626e-16,7.060331607557215e-20,False,False,False,False,False,False,True,True,0,0.0,32.0,94.37189097991907,91.19056671606779,3.1813242638512804,4.635200525626715e-07,16682.07157456666,269.57083438803363,4.440892098500626e-16,0.0,303.52221444614815,4,4,6,/home/user/projects/AIDRBench/results/nature_mainline/commitment_validation_v1/runs/confirmation/resource_gpu_h/H8P16/repeated_f0.5_1011075.parquet,f92c6624d5c5c9255441b821f19c261ae011ba0a30164a369abf746e6b7d559f,/home/user/projects/AIDRBench/results/nature_mainline/commitment_validation_v1/inputs/confirmation/resource_gpu_h/1011075/H8P16/hourly_seed_1011075,e846987f99c587f23f3ab92cb5cad13c1412a76bd503a112c07125c8d45bd944
confirmation,resource_gpu_h,1011076,H8P16,0.5,repeated,2.949121593122471,193.4389798490304,6,False,False,False,0.0,0.0,False,True,False,False,False,False,True,True,1,0.009277122818944328,32.0,94.37189097991907,91.45551101446307,2.9163799654560023,3.697846295835916e-07,16958.649942512442,270.96925285553255,0.0,0.0,307.514449702692,2,2,0,/home/user/projects/AIDRBench/results/nature_mainline/commitment_validation_v1/runs/confirmation/resource_gpu_h/H8P16/repeated_f0.5_1011076.parquet,f58d7a3fdf79f37cdfb35211eab5b7e0ee9add831b6d349dcd381b7c599a96d8,/home/user/projects/AIDRBench/results/nature_mainline/commitment_validation_v1/inputs/confirmation/resource_gpu_h/1011076/H8P16/hourly_seed_1011076,bb694179349944f0a403a33e1ddfed846380ba8da7dce59d0547a32170338010
confirmation,resource_gpu_h,1011077,H8P16,0.5,repeated,2.949121593122471,193.4389798490304,11,False,False,False,0.0,0.0,True,True,False,False,False,False,True,True,1,0.8327150041333065,32.0,94.37189097991907,90.07191986872033,4.299971111198744,-5.684341886080802e-14,16426.284476504698,266.1438228475108,0.0,0.0,299.61337044619074,0,0,2,/home/user/projects/AIDRBench/results/nature_mainline/commitment_validation_v1/runs/confirmation/resource_gpu_h/H8P16/repeated_f0.5_1011077.parquet,9edb86d9b0bbba27883ed0a1548d829d15fb18be3f18149c6d5bd35a47cfb0d3,/home/user/projects/AIDRBench/results/nature_mainline/commitment_validation_v1/inputs/confirmation/resource_gpu_h/1011077/H8P16/hourly_seed_1011077,18ae9b53555a6836adf17a0aea50125b1d112d2f4498ad7c69f1c6aa9930870c
confirmation,resource_gpu_h,1011078,H8P16,0.5,repeated,2.949121593122471,193.4389798490304,18,True,True,True,0.0,0.0,False,False,False,False,False,False,True,True,0,0.0,32.0,94.37189097991907,91.70710122911458,2.6647897508044878,7.957243042255868e-08,17343.07913509713,270.5893540200517,0.0,0.0,291.54293409117633,2,2,7,/home/user/projects/AIDRBench/results/nature_mainline/commitment_validation_v1/runs/confirmation/resource_gpu_h/H8P16/repeated_f0.5_1011078.parquet,b952bdb9d0b427d935e4dc1c92492f79463260676337c6950380d81bf88bf70f,/home/user/projects/AIDRBench/results/nature_mainline/commitment_validation_v1/inputs/confirmation/resource_gpu_h/1011078/H8P16/hourly_seed_1011078,c90efc27652cb077e99bbe6a710852a7e05618d93e4b6d5982e23f5e9c0f3084
confirmation,resource_gpu_h,1011079,H8P16,0.5,repeated,2.949121593122471,193.4389798490304,3,False,False,False,1.1546319456101628e-14,1.835686217964876e-18,True,True,False,False,False,False,True,True,1,0.3511226854235625,32.0,94.37189097991907,91.0808719328005,3.291019047118567,-3.979039320256561e-13,16626.920691514573,268.67742747223906,1.1546319456101628e-14,0.0,296.31428534502015,0,0,5,/home/user/projects/AIDRBench/results/nature_mainline/commitment_validation_v1/runs/confirmation/resource_gpu_h/H8P16/repeated_f0.5_1011079.parquet,586e84a7592764fa02798ca2e40fc25a8e358d4e13206296ca9f368a68d1d0d7,/home/user/projects/AIDRBench/results/nature_mainline/commitment_validation_v1/inputs/confirmation/resource_gpu_h/1011079/H8P16/hourly_seed_1011079,de07ef55f9661f0be358a924ebe12f1b1c1b84374b7f21ab83694b14e4c9c278
confirmation,resource_gpu_h,1011080,H8P16,0.5,repeated,2.949121593122471,193.4389798490304,23,True,True,True,1.2212453270876722e-15,1.941591192078234e-19,False,False,False,False,False,False,True,True,0,0.0,32.0,94.37189097991907,91.85863022736345,2.513260752555624,-5.684341886080802e-14,15307.263025513736,271.4038599003833,1.2212453270876722e-15,0.0,292.42659356751676,2,2,1,/home/user/projects/AIDRBench/results/nature_mainline/commitment_validation_v1/runs/confirmation/resource_gpu_h/H8P16/repeated_f0.5_1011080.parquet,c49fb35b1907102f4d0fb738a56bb7c0054bd1f44c2fdf9cc0fbf096fc17e379,/home/user/projects/AIDRBench/results/nature_mainline/commitment_validation_v1/inputs/confirmation/resource_gpu_h/1011080/H8P16/hourly_seed_1011080,f668302f081c2b7460e13771c39bf200bf0dfa6f15022dcc7eb022ea22088a22
confirmation,resource_gpu_h,1011081,H8P16,0.5,repeated,2.949121593122471,193.4389798490304,17,False,False,False,0.0,0.0,True,True,False,False,False,False,True,True,3,1.0307657286671068,32.0,94.37189097991907,90.18174502173832,4.19014595818075,1.0279205753249698e-07,17171.738252107672,266.20607311697756,0.0,0.0,293.9529262778491,2,2,4,/home/user/projects/AIDRBench/results/nature_mainline/commitment_validation_v1/runs/confirmation/resource_gpu_h/H8P16/repeated_f0.5_1011081.parquet,df4e510719d071ecc672c40ebd7bba8ac7ae2342882504919ed2b9a926e3bf24,/home/user/projects/AIDRBench/results/nature_mainline/commitment_validation_v1/inputs/confirmation/resource_gpu_h/1011081/H8P16/hourly_seed_1011081,c6732293b56f253493b61c808bdac2abc04799b4e9037bf64e27edce48de4c9c
confirmation,resource_gpu_h,1011082,H8P16,0.5,repeated,2.949121593122471,193.4389798490304,23,True,True,True,9.992007221626409e-16,1.5885746117003732e-19,False,False,False,False,False,False,True,True,0,0.0,32.0,94.37189097991907,91.94980377672317,2.4220872031959004,-2.8421709430404007e-13,15477.666950813382,271.68853573694645,9.992007221626409e-16,0.0,292.7384004847073,3,3,1,/home/user/projects/AIDRBench/results/nature_mainline/commitment_validation_v1/runs/confirmation/resource_gpu_h/H8P16/repeated_f0.5_1011082.parquet,2606c184e37ec41a946420ee0835a4f05341bb4d0dec5a2bd3297da66b46bbd8,/home/user/projects/AIDRBench/results/nature_mainline/commitment_validation_v1/inputs/confirmation/resource_gpu_h/1011082/H8P16/hourly_seed_1011082,345250df9d1d7e1167a3623d911fb1f55663f4f642562452b2d370a13273c783
confirmation,resource_gpu_h,1011083,H8P16,0.5,repeated,2.949121593122471,193.4389798490304,14,False,False,False,0.0,0.0,False,True,False,False,False,False,True,True,2,0.3511226854235341,32.0,94.37189097991907,90.56933431279373,3.8025566671253443,4.547473508864641e-13,17728.30040201514,267.4942178975739,0.0,0.0,302.2579541257959,2,2,5,/home/user/projects/AIDRBench/results/nature_mainline/commitment_validation_v1/runs/confirmation/resource_gpu_h/H8P16/repeated_f0.5_1011083.parquet,590d921a7dcac5efaef95014bf96ffe2a89708bbe2dccf6dd031b72c680cd9d8,/home/user/projects/AIDRBench/results/nature_mainline/commitment_validation_v1/inputs/confirmation/resource_gpu_h/1011083/H8P16/hourly_seed_1011083,9e23c3a7b7fdcee32f8a3a21aa9839de14fb94fb41e1a9f4be7a56884b690d63
confirmation,resource_gpu_h,1011084,H8P16,0.5,repeated,2.949121593122471,193.4389798490304,23,False,False,False,0.0,0.0,False,True,False,False,False,False,True,True,1,0.3679201554451632,32.0,94.37189097991907,91.32493637734592,3.0469546025731518,-7.958078640513122e-13,14926.289763486933,270.485893227378,0.0,0.0,277.4587649726053,3,3,2,/home/user/projects/AIDRBench/results/nature_mainline/commitment_validation_v1/runs/confirmation/resource_gpu_h/H8P16/repeated_f0.5_1011084.parquet,6484d7e078516c41705afacc664f946392e6b57304fef9d876df5afdc61016a1,/home/user/projects/AIDRBench/results/nature_mainline/commitment_validation_v1/inputs/confirmation/resource_gpu_h/1011084/H8P16/hourly_seed_1011084,3cc4e88dc54613e812912635e4119c84be61b302ec6f80a335107fb0ad40cf96
confirmation,resource_gpu_h,1011085,H8P16,0.5,repeated,2.949121593122471,193.4389798490304,13,True,True,True,0.0,0.0,False,False,False,False,False,False,True,True,0,0.0,32.0,94.37189097991907,91.56327904888877,2.808611931030299,3.979039320256561e-13,16627.178010615407,270.05032562327983,0.0,0.0,294.2170617817296,1,1,6,/home/user/projects/AIDRBench/results/nature_mainline/commitment_validation_v1/runs/confirmation/resource_gpu_h/H8P16/repeated_f0.5_1011085.parquet,66440e16d7e95bacb2a42690f68ab61c2fe12d8e516e5da1911bf992c0f27f9b,/home/user/projects/AIDRBench/results/nature_mainline/commitment_validation_v1/inputs/confirmation/resource_gpu_h/1011085/H8P16/hourly_seed_1011085,7509ef6f9ad3f8a1cfafd352b0af112c0bccac5bd9160bcce04271fbe8e2f41c
confirmation,resource_gpu_h,1011086,H8P16,0.5,repeated,2.949121593122471,193.4389798490304,7,False,False,False,1.0325074129013956e-14,1.641527098757052e-18,False,True,False,False,False,False,True,True,1,0.009277122818887484,32.0,94.37189097991907,91.35827257011891,3.0136184098001593,2.6471611843075493,18806.26974166001,271.0007943378632,1.0325074129013956e-14,0.0,336.2497352603132,3,3,0,/home/user/projects/AIDRBench/results/nature_mainline/commitment_validation_v1/runs/confirmation/resource_gpu_h/H8P16/repeated_f0.5_1011086.parquet,dada0aa874f0aa9507a59ea5ad28c622d76eea7cc974f2a4a75e0c079ec001e8,/home/user/projects/AIDRBench/results/nature_mainline/commitment_validation_v1/inputs/confirmation/resource_gpu_h/1011086/H8P16/hourly_seed_1011086,2084f2371ac5d8990b6f543e411d56b74515dd335ec8541898f8205615eb7f99
confirmation,resource_gpu_h,1011087,H8P16,0.5,repeated,2.949121593122471,193.4389798490304,13,True,True,True,0.0,0.0,False,False,False,False,False,False,True,True,0,0.0,32.0,94.37189097991907,91.06620879731781,3.3056821826012595,-5.684341886080802e-14,16928.619066135045,268.4735781606923,0.0,0.0,293.2317989700516,1,1,7,/home/user/projects/AIDRBench/results/nature_mainline/commitment_validation_v1/runs/confirmation/resource_gpu_h/H8P16/repeated_f0.5_1011087.parquet,3f50ff653388344533276431e16d02ba8acfc6366b330697c473f393287de7fc,/home/user/projects/AIDRBench/results/nature_mainline/commitment_validation_v1/inputs/confirmation/resource_gpu_h/1011087/H8P16/hourly_seed_1011087,0a24c89e2bcc5eb5f59bdc61e30e637cfc4e1e93458532e247aac6bce7abad00
confirmation,resource_gpu_h,1011088,H8P16,0.5,repeated,2.949121593122471,193.4389798490304,8,True,True,True,0.0,0.0,False,False,False,False,False,False,True,True,0,0.0,32.0,94.37189097991907,91.10552403814017,3.266366941778898,2.2737367544323206e-13,17849.97914161707,269.376398587262,0.0,0.0,328.9140909362956,3,3,4,/home/user/projects/AIDRBench/results/nature_mainline/commitment_validation_v1/runs/confirmation/resource_gpu_h/H8P16/repeated_f0.5_1011088.parquet,22295d35641b57201e0f51890e610e26c380104b3779b7634f17b0cc8300f752,/home/user/projects/AIDRBench/results/nature_mainline/commitment_validation_v1/inputs/confirmation/resource_gpu_h/1011088/H8P16/hourly_seed_1011088,e89c7f7e27b4478aa5d935b56ce53dcd123301aa01a6050891dfd7fe7bca1fe7
confirmation,resource_gpu_h,1011089,H8P16,0.5,repeated,2.949121593122471,193.4389798490304,14,False,False,False,1.865174681370263e-14,2.965339275174029e-18,True,True,False,False,False,False,True,True,1,1.0307657286671636,32.0,94.37189097991907,89.7756339000453,4.596257079873766,1.7053025658242404e-13,16254.054516386777,265.41890595986945,1.865174681370263e-14,0.0,295.02903868560037,1,1,4,/home/user/projects/AIDRBench/results/nature_mainline/commitment_validation_v1/runs/confirmation/resource_gpu_h/H8P16/repeated_f0.5_1011089.parquet,ccaa6164786fff27599fb193ab2644145dc7037bb18abe67fc3f6b950faa0690,/home/user/projects/AIDRBench/results/nature_mainline/commitment_validation_v1/inputs/confirmation/resource_gpu_h/1011089/H8P16/hourly_seed_1011089,765ca9e972ed69ad8c23b74b6a6e9f6139fab7687cf0da3a4b4e276daefe47e5
confirmation,resource_gpu_h,1011090,H8P16,0.5,repeated,2.949121593122471,193.4389798490304,18,False,False,False,0.0,0.0,True,True,False,False,False,False,True,True,1,0.8119798030091241,32.0,94.37189097991907,90.75175156716466,3.620139412754412,2.5309799411843414e-07,16968.44297449164,267.88622187315957,0.0,0.0,291.25260888123523,1,1,1,/home/user/projects/AIDRBench/results/nature_mainline/commitment_validation_v1/runs/confirmation/resource_gpu_h/H8P16/repeated_f0.5_1011090.parquet,b0090e3a76b20b80526157ee0750dc5e1a300e032e866c78972a573221e1e11d,/home/user/projects/AIDRBench/results/nature_mainline/commitment_validation_v1/inputs/confirmation/resource_gpu_h/1011090/H8P16/hourly_seed_1011090,dac71340e30ab83bf5a20a34917f4d2af5a1aacf453cccc40a722a86fbc189b6
confirmation,resource_gpu_h,1011091,H8P16,0.5,repeated,2.949121593122471,193.4389798490304,19,True,True,True,1.2490009027033011e-14,1.9857182646254666e-18,False,False,False,False,False,False,True,True,0,0.0,32.0,94.37189097991907,91.25183224169132,3.1200587382277547,0.0,16413.608851730394,270.11479547432526,1.2490009027033011e-14,0.0,280.74556055900797,0,0,6,/home/user/projects/AIDRBench/results/nature_mainline/commitment_validation_v1/runs/confirmation/resource_gpu_h/H8P16/repeated_f0.5_1011091.parquet,5956bc66ea717184abe1b1d55a04f6e864a97724958739888eada708cda4ed51,/home/user/projects/AIDRBench/results/nature_mainline/commitment_validation_v1/inputs/confirmation/resource_gpu_h/1011091/H8P16/hourly_seed_1011091,dc414721a2df70149c378aa56ee3e8925a9564c149551df0b756073905203263
confirmation,resource_gpu_h,1011092,H8P16,0.5,repeated,2.949121593122471,193.4389798490304,2,False,False,False,0.0,0.0,True,True,False,False,False,False,True,True,2,1.0307657286671068,32.0,94.37189097991907,90.76143911668521,3.6104518632338625,2.2737367544323206e-13,15592.003795432774,268.0997329333692,0.0,0.0,278.1874973189124,0,0,4,/home/user/projects/AIDRBench/results/nature_mainline/commitment_validation_v1/runs/confirmation/resource_gpu_h/H8P16/repeated_f0.5_1011092.parquet,b21458f1b695a12f96fa859ecbd36a5dcf85ffbbed3a80c74139cc3d94baddd2,/home/user/projects/AIDRBench/results/nature_mainline/commitment_validation_v1/inputs/confirmation/resource_gpu_h/1011092/H8P16/hourly_seed_1011092,82550338e86948ba0aa972bedaba9c3ccdf17e18481ed589e87e6711a3dc1c4b
confirmation,resource_gpu_h,1011093,H8P16,0.5,repeated,2.949121593122471,193.4389798490304,23,False,False,False,0.0,0.0,False,True,False,False,False,False,True,True,1,0.009277122818887484,32.0,94.37189097991907,91.64152395168298,2.7303670282360883,1.0127649829883012e-07,15369.920649840315,271.25182497510224,0.0,0.0,297.2970188711507,2,2,0,/home/user/projects/AIDRBench/results/nature_mainline/commitment_validation_v1/runs/confirmation/resource_gpu_h/H8P16/repeated_f0.5_1011093.parquet,8ef9fbec78c94e09656f5bd0e3eadc581478760b253f12a8324b0ae4d08aa0dc,/home/user/projects/AIDRBench/results/nature_mainline/commitment_validation_v1/inputs/confirmation/resource_gpu_h/1011093/H8P16/hourly_seed_1011093,cd7ec46b0a8a0273a3c06b1bb23943a43ad5b1a90ba2e11f31d0f6c2cc6825f0
confirmation,resource_gpu_h,1011094,H8P16,0.5,repeated,2.949121593122471,193.4389798490304,22,True,True,True,7.66053886991358e-15,1.2179072023036194e-18,False,False,False,False,False,False,True,True,0,0.0,32.0,94.37189097991907,91.48103941800792,2.8908515619111483,2.3030180252087575,15397.403759724413,270.4008115897303,7.66053886991358e-15,0.0,276.9465436183409,2,2,7,/home/user/projects/AIDRBench/results/nature_mainline/commitment_validation_v1/runs/confirmation/resource_gpu_h/H8P16/repeated_f0.5_1011094.parquet,bd98f631ee981b37b0ea13c0f901648303fcc64014b8b4cb3b6269e8437a1b72,/home/user/projects/AIDRBench/results/nature_mainline/commitment_validation_v1/inputs/confirmation/resource_gpu_h/1011094/H8P16/hourly_seed_1011094,d9da9a62e36d2b06cb03334707fc815769d891aeebf704e53d0008a4d3125816
confirmation,resource_gpu_h,1011095,H8P16,0.5,repeated,2.949121593122471,193.4389798490304,13,True,True,True,0.0,0.0,False,False,False,False,False,False,True,True,0,0.0,32.0,94.37189097991907,91.3009890839399,3.0709018959791763,-9.094947017729282e-13,16136.478962046458,269.2761384135018,0.0,0.0,287.9286651916249,1,1,1,/home/user/projects/AIDRBench/results/nature_mainline/commitment_validation_v1/runs/confirmation/resource_gpu_h/H8P16/repeated_f0.5_1011095.parquet,ec153e80622f73bef82b287e0530324933689857629c28c08d974872758840ff,/home/user/projects/AIDRBench/results/nature_mainline/commitment_validation_v1/inputs/confirmation/resource_gpu_h/1011095/H8P16/hourly_seed_1011095,5981d1e256a51c7793b19f14b42e2b44639452e46f7bef50a5daf1433de1303a
confirmation,resource_gpu_h,1011096,H8P16,0.5,repeated,2.949121593122471,193.4389798490304,11,True,True,True,0.0,0.0,False,False,False,False,False,False,True,True,0,0.0,32.0,94.37189097991907,91.05789678203013,3.3139941978889453,4.980682888344745e-08,16149.566327796667,268.90827434504695,0.0,0.0,291.5254551556619,1,1,6,/home/user/projects/AIDRBench/results/nature_mainline/commitment_validation_v1/runs/confirmation/resource_gpu_h/H8P16/repeated_f0.5_1011096.parquet,d8ea67e72d4b8499588f2f958e6570131361996839ddd180120711fa2f78dccd,/home/user/projects/AIDRBench/results/nature_mainline/commitment_validation_v1/inputs/confirmation/resource_gpu_h/1011096/H8P16/hourly_seed_1011096,d5dac9cb5d1a672adcd86b59f30b69f62f91326000e615a5af25744d279ed8d4
confirmation,resource_gpu_h,1011097,H8P16,0.5,repeated,2.949121593122471,193.4389798490304,6,False,False,False,0.0,0.0,False,True,False,False,False,False,True,True,1,0.15578354648464288,32.0,94.37189097991907,91.3033146379621,3.0685763419569696,-1.1368683772161603e-13,18459.11006895952,269.09563814284456,0.0,0.0,318.4296768679855,1,1,5,/home/user/projects/AIDRBench/results/nature_mainline/commitment_validation_v1/runs/confirmation/resource_gpu_h/H8P16/repeated_f0.5_1011097.parquet,842671e5b4cb5fe2ab8e6ca8d375eb5e9aa4a32de5fecedf30c77acd521d0d9f,/home/user/projects/AIDRBench/results/nature_mainline/commitment_validation_v1/inputs/confirmation/resource_gpu_h/1011097/H8P16/hourly_seed_1011097,fb6ac1a109e70bef084e6d175d9cd8be8fd2493655cd0d3759beb82cf065d289
confirmation,resource_gpu_h,1011098,H8P16,0.5,repeated,2.949121593122471,193.4389798490304,23,True,True,True,0.0,0.0,False,False,False,False,False,False,True,True,0,0.0,32.0,94.37189097991907,91.68093657244009,2.6909544074789835,6.252776074688882e-13,15052.491655019101,271.90928776755754,0.0,0.0,286.56381612577684,2,2,1,/home/user/projects/AIDRBench/results/nature_mainline/commitment_validation_v1/runs/confirmation/resource_gpu_h/H8P16/repeated_f0.5_1011098.parquet,d0f4e0f7e1304d203ce3224b184db52774d92af74ad0f144db5fc15faa0aaf9a,/home/user/projects/AIDRBench/results/nature_mainline/commitment_validation_v1/inputs/confirmation/resource_gpu_h/1011098/H8P16/hourly_seed_1011098,6a9e6fc6ec61c2197924cca79d2ac8685dfd30b53cc83beb37ca4ec1bd57bb8d
confirmation,resource_gpu_h,1011099,H8P16,0.5,repeated,2.949121593122471,193.4389798490304,14,False,False,False,2.353672812205332e-14,3.7419757520053234e-18,True,True,False,False,False,False,True,True,1,1.0307657286671636,32.0,94.37189097991907,89.93110644311696,4.440784536802113,1.1368683772161603e-13,16448.137685191425,265.4531465037117,2.353672812205332e-14,0.0,296.696123254956,2,2,4,/home/user/projects/AIDRBench/results/nature_mainline/commitment_validation_v1/runs/confirmation/resource_gpu_h/H8P16/repeated_f0.5_1011099.parquet,6dc0f250c1181ab1fb27fb7942eb89737f2399d16a05ed39ae2bdf1b1eb74617,/home/user/projects/AIDRBench/results/nature_mainline/commitment_validation_v1/inputs/confirmation/resource_gpu_h/1011099/H8P16/hourly_seed_1011099,ee94ec39ac31bbe2325a44a9224d0e349ac41195ca149b62bd97cca777fea606
confirmation,resource_gpu_h,1011100,H8P16,0.5,repeated,2.949121593122471,193.4389798490304,2,False,False,False,0.0,0.0,True,True,False,False,False,False,True,True,1,0.8002572911965311,32.0,94.37189097991907,91.19958094436726,3.172310035551817,-5.115907697472721e-13,16138.887573087146,270.31504901999256,0.0,0.0,285.4134063603823,1,1,3,/home/user/projects/AIDRBench/results/nature_mainline/commitment_validation_v1/runs/confirmation/resource_gpu_h/H8P16/repeated_f0.5_1011100.parquet,c3a6e084e8efc7a6c21d9fd0c36c0acd236364245360b61367502d4aa8e8927d,/home/user/projects/AIDRBench/results/nature_mainline/commitment_validation_v1/inputs/confirmation/resource_gpu_h/1011100/H8P16/hourly_seed_1011100,f4058409854f64cc4e0bd78be4584b68da9ec76a8f907f7ca50f65a8860ade07
confirmation,resource_gpu_h,1011101,H8P16,0.5,repeated,2.949121593122471,193.4389798490304,16,False,False,False,0.0,0.0,True,True,False,False,False,False,True,True,1,0.8002572911965311,32.0,94.37189097991907,90.50474466976868,3.867146310150389,2.8421709430404007e-13,17893.972996806777,266.95279851487084,0.0,0.0,304.57575868230674,1,1,3,/home/user/projects/AIDRBench/results/nature_mainline/commitment_validation_v1/runs/confirmation/resource_gpu_h/H8P16/repeated_f0.5_1011101.parquet,0ebe9626d92978c39bb5de008b18e16a2d1179b237f4100c1874876bad871f91,/home/user/projects/AIDRBench/results/nature_mainline/commitment_validation_v1/inputs/confirmation/resource_gpu_h/1011101/H8P16/hourly_seed_1011101,b12b2133d5346b525f15c460ba00ce905d5764e58435d3de045a4685270a87a3
confirmation,resource_gpu_h,1011102,H8P16,0.5,repeated,2.949121593122471,193.4389798490304,20,True,True,True,0.0,0.0,False,False,False,False,False,False,True,True,0,0.0,32.0,94.37189097991907,91.80030693279076,2.5715840471283116,1.1945815003855387e-08,15275.71617527031,271.05320160077395,0.0,0.0,272.85909099105635,0,0,0,/home/user/projects/AIDRBench/results/nature_mainline/commitment_validation_v1/runs/confirmation/resource_gpu_h/H8P16/repeated_f0.5_1011102.parquet,6b9b9c87dc8dbf3e17bb0e746a24bd977793d3bf79a7a5635168085bb55210b3,/home/user/projects/AIDRBench/results/nature_mainline/commitment_validation_v1/inputs/confirmation/resource_gpu_h/1011102/H8P16/hourly_seed_1011102,415d9cc70f45b92bf79f8a61bbb57363b0a30299286a2f9518916d78c03601c3
confirmation,resource_gpu_h,1011103,H8P16,0.5,repeated,2.949121593122471,193.4389798490304,14,False,False,False,2.120525977034049e-14,3.37130834260857e-18,True,True,False,False,False,False,True,True,1,0.8327150041332496,32.0,94.37189097991907,90.17448104054364,4.197409939375433,-5.684341886080802e-14,15684.507600509369,265.65512161889677,2.120525977034049e-14,0.0,282.50402143437094,4,4,2,/home/user/projects/AIDRBench/results/nature_mainline/commitment_validation_v1/runs/confirmation/resource_gpu_h/H8P16/repeated_f0.5_1011103.parquet,da8979909064743ff5028217c194ad4e52f91f8e4454524d5b0deafbdf5c4666,/home/user/projects/AIDRBench/results/nature_mainline/commitment_validation_v1/inputs/confirmation/resource_gpu_h/1011103/H8P16/hourly_seed_1011103,56380c454880d7f99ba350a1660ff6e677ad811ed3f5c5d5304eb403cd758387
confirmation,resource_gpu_h,1011104,H8P16,0.5,repeated,2.949121593122471,193.4389798490304,14,False,False,False,0.0,0.0,True,True,False,False,False,False,True,True,2,0.3511226854235625,32.0,94.37189097991907,90.42526169996381,3.9466292799552605,3.410605131648481e-13,17662.223073452402,268.11098327747965,0.0,0.0,298.94690442601257,2,2,5,/home/user/projects/AIDRBench/results/nature_mainline/commitment_validation_v1/runs/confirmation/resource_gpu_h/H8P16/repeated_f0.5_1011104.parquet,cf2de6b3ff5d4ef778b8b5b5716669cce0e90f8ba650227de874a3b23206759f,/home/user/projects/AIDRBench/results/nature_mainline/commitment_validation_v1/inputs/confirmation/resource_gpu_h/1011104/H8P16/hourly_seed_1011104,a84f091885e36c1066cfdbc51bc782d91be4cccd83628ab768f64b366d4f33ba
confirmation,resource_gpu_h,1011105,H8P16,0.5,repeated,2.949121593122471,193.4389798490304,15,False,False,False,0.0,0.0,True,True,False,False,False,False,True,True,2,0.3511226854235625,32.0,94.37189097991907,90.62860807821266,3.743282901706408,-1.7053025658242404e-13,17810.898325908092,267.4989640923501,0.0,0.0,303.422731851868,3,3,5,/home/user/projects/AIDRBench/results/nature_mainline/commitment_validation_v1/runs/confirmation/resource_gpu_h/H8P16/repeated_f0.5_1011105.parquet,bedd48489ba56e41e32a309fb1a15b1abfc36215eca1bebb4d02929cef9bd2eb,/home/user/projects/AIDRBench/results/nature_mainline/commitment_validation_v1/inputs/confirmation/resource_gpu_h/1011105/H8P16/hourly_seed_1011105,46eff41237e03b8f9d232b3871e6606555ddbbf2eaee1de4a86f8864f1fed219
confirmation,resource_gpu_h,1011106,H8P16,0.5,repeated,2.949121593122471,193.4389798490304,18,False,False,False,2.9531932455029164e-14,4.695120519025547e-18,True,True,False,False,False,False,True,True,1,0.3377992193021706,32.0,94.37189097991907,91.09553938618302,3.2763515937360523,3.5871876649843557,17676.928798428922,268.8310315044655,2.9531932455029164e-14,0.0,309.2936494885678,1,1,0,/home/user/projects/AIDRBench/results/nature_mainline/commitment_validation_v1/runs/confirmation/resource_gpu_h/H8P16/repeated_f0.5_1011106.parquet,7802ee09ebb3c1892a6e0d84477dfdb95f0e515fcc77913fff51f5edee523e11,/home/user/projects/AIDRBench/results/nature_mainline/commitment_validation_v1/inputs/confirmation/resource_gpu_h/1011106/H8P16/hourly_seed_1011106,96cbfba3ca9e6dee5001614fd450462c3da0682ed9b10b368cc92df0d2583c91
confirmation,resource_gpu_h,1011107,H8P16,0.5,repeated,2.949121593122471,193.4389798490304,20,False,False,False,0.0,0.0,True,True,False,False,False,False,True,True,1,0.8119798030090957,32.0,94.37189097991907,90.73476975301185,3.637121226907226,-3.979039320256561e-13,15429.407717978867,268.34958220190487,0.0,0.0,269.11475675408224,1,1,1,/home/user/projects/AIDRBench/results/nature_mainline/commitment_validation_v1/runs/confirmation/resource_gpu_h/H8P16/repeated_f0.5_1011107.parquet,368a582509d8e161d72d5129d8a31c82209a15c74d5bdf10ab724fd15c38cee3,/home/user/projects/AIDRBench/results/nature_mainline/commitment_validation_v1/inputs/confirmation/resource_gpu_h/1011107/H8P16/hourly_seed_1011107,297707861b064876e8f2ba35a9c81a5d8698c99ed0eb965fdc63e76f0ca49f4b
confirmation,resource_gpu_h,1011108,H8P16,0.5,repeated,2.949121593122471,193.4389798490304,11,False,False,False,0.0,0.0,True,True,False,False,False,False,True,True,1,0.15578354648461445,32.0,94.37189097991907,91.36634053982476,3.0055504400943107,-2.8421709430404007e-13,18630.66271003194,270.00704408405073,0.0,0.0,312.52947743222376,0,0,5,/home/user/projects/AIDRBench/results/nature_mainline/commitment_validation_v1/runs/confirmation/resource_gpu_h/H8P16/repeated_f0.5_1011108.parquet,01111645b44a308b437673932fefcf378e4ee0ce90bd191adb71a9d074275039,/home/user/projects/AIDRBench/results/nature_mainline/commitment_validation_v1/inputs/confirmation/resource_gpu_h/1011108/H8P16/hourly_seed_1011108,ed4b4f4fec981e7a372271eaf124a775b500609c71f73120ea544280b509a861
confirmation,resource_gpu_h,1011109,H8P16,0.5,repeated,2.949121593122471,193.4389798490304,7,True,True,True,0.0,0.0,False,False,False,False,False,False,True,True,0,0.0,32.0,94.37189097991907,91.26405455558807,3.1078364243309977,4.635203367797658e-07,17963.799338260586,268.8206112280786,0.0,0.0,325.58830001438537,2,2,6,/home/user/projects/AIDRBench/results/nature_mainline/commitment_validation_v1/runs/confirmation/resource_gpu_h/H8P16/repeated_f0.5_1011109.parquet,47bbd6e64cb88064b7884025c529fe648f7e0b7c14c599806ff34d837fd1d1d3,/home/user/projects/AIDRBench/results/nature_mainline/commitment_validation_v1/inputs/confirmation/resource_gpu_h/1011109/H8P16/hourly_seed_1011109,d598fc6ec87216125dbba663cdf99d290fd3dce90cb9ef0665a8cbe0eaebfb08
confirmation,resource_gpu_h,1011110,H8P16,0.5,repeated,2.949121593122471,193.4389798490304,11,False,False,False,1.178748204398246,0.00018740273396136142,True,True,False,False,False,False,True,True,4,0.944016885279539,32.0,94.37189097991907,89.34652919628303,5.025361783636043,-0.4046688067174955,17140.039357245278,265.8912792550948,1.178748204398246,0.0,315.2482706823893,1,1,0,/home/user/projects/AIDRBench/results/nature_mainline/commitment_validation_v1/runs/confirmation/resource_gpu_h/H8P16/repeated_f0.5_1011110.parquet,99dc9895c273340981152e4ed37131982070bf01ae0ea276963f5907d09d659d,/home/user/projects/AIDRBench/results/nature_mainline/commitment_validation_v1/inputs/confirmation/resource_gpu_h/1011110/H8P16/hourly_seed_1011110,9311ea5054ba37320ecc6c2a322608c5a137442ec4a77677e537e337b4953ea6
confirmation,resource_gpu_h,1011111,H8P16,0.5,repeated,2.949121593122471,193.4389798490304,18,False,False,False,0.0,0.0,True,True,False,False,False,False,True,True,1,0.8002572911964743,32.0,94.37189097991907,90.85558591173049,3.5163050681885863,-1.7053025658242404e-13,16138.73480352739,268.4441084343659,0.0,0.0,280.0861804050685,0,0,3,/home/user/projects/AIDRBench/results/nature_mainline/commitment_validation_v1/runs/confirmation/resource_gpu_h/H8P16/repeated_f0.5_1011111.parquet,709da0117f0c62fba3f47248748d90752eac498b02fc181718c32a2de74ed133,/home/user/projects/AIDRBench/results/nature_mainline/commitment_validation_v1/inputs/confirmation/resource_gpu_h/1011111/H8P16/hourly_seed_1011111,d2b14dc1c4fd98392b215eaa15ba6b1a3525870e95d9bc3c5039d426b9ba862c
confirmation,resource_gpu_h,1011112,H8P16,0.5,repeated,2.949121593122471,193.4389798490304,7,False,False,False,1.3322676295501878e-15,2.1180994822671644e-19,True,True,False,False,False,False,True,True,1,1.0278883418808826,32.0,94.37189097991907,90.6855193965232,3.686371583395868,1.9402460793571663e-07,18956.682086882065,268.1494878026018,1.3322676295501878e-15,0.0,329.0983706321325,2,2,3,/home/user/projects/AIDRBench/results/nature_mainline/commitment_validation_v1/runs/confirmation/resource_gpu_h/H8P16/repeated_f0.5_1011112.parquet,111ae4af8d0a1e3e27f6ee32282ec50916e6d67ef42030434f24f43f4057d0ec,/home/user/projects/AIDRBench/results/nature_mainline/commitment_validation_v1/inputs/confirmation/resource_gpu_h/1011112/H8P16/hourly_seed_1011112,f223d427dbeb0317723203f383104a4cefdc5dc141599cbd8f5e1a24fdd0db62
confirmation,resource_gpu_h,1011113,H8P16,0.5,repeated,2.949121593122471,193.4389798490304,3,True,True,True,0.0,0.0,False,False,False,False,False,False,True,True,0,0.0,32.0,94.37189097991907,91.80765113799953,2.5642398419195445,2.0792066379726748e-07,14876.229876865425,270.43634352760023,0.0,0.0,270.2744091954063,1,1,7,/home/user/projects/AIDRBench/results/nature_mainline/commitment_validation_v1/runs/confirmation/resource_gpu_h/H8P16/repeated_f0.5_1011113.parquet,9f55dad5f54839b4ac101e073ade92655feedc036fc7ede8370e8ae652d21316,/home/user/projects/AIDRBench/results/nature_mainline/commitment_validation_v1/inputs/confirmation/resource_gpu_h/1011113/H8P16/hourly_seed_1011113,cae0d85a783980b717f29ccd7c76b3091c74b3287f1388c179b33c4472be6bd3
confirmation,resource_gpu_h,1011114,H8P16,0.5,repeated,2.949121593122471,193.4389798490304,12,False,False,False,1.887379141862766e-14,3.000640933211816e-18,True,True,False,False,False,False,True,True,1,1.0278883418808826,32.0,94.37189097991907,90.33702342719766,4.034867552721408,1.8563468984211795e-08,16717.06612448755,267.3135609792172,1.887379141862766e-14,0.0,309.2403161025312,0,0,3,/home/user/projects/AIDRBench/results/nature_mainline/commitment_validation_v1/runs/confirmation/resource_gpu_h/H8P16/repeated_f0.5_1011114.parquet,b54f08dfa684deac736691eaba0a153b213eb7653bf041421471ecf6f73e35bb,/home/user/projects/AIDRBench/results/nature_mainline/commitment_validation_v1/inputs/confirmation/resource_gpu_h/1011114/H8P16/hourly_seed_1011114,694ac45f38e66913f1cd149ce6290e2e8f8a8d3b6e07e0c5e487dd131338d52d
confirmation,resource_gpu_h,1011115,H8P16,0.5,repeated,2.949121593122471,193.4389798490304,11,False,False,False,0.0,0.0,True,True,False,False,False,False,True,True,1,1.027888341880911,32.0,94.37189097991907,90.38964416125401,3.982246818665061,7.426200454574428e-08,16353.837943886578,266.78117484297724,0.0,0.0,302.5308003819252,0,0,3,/home/user/projects/AIDRBench/results/nature_mainline/commitment_validation_v1/runs/confirmation/resource_gpu_h/H8P16/repeated_f0.5_1011115.parquet,442bb94bbf8eae57fd9a1b88785e3a9ec8249ab94b6e2164c855d0c514d64c4d,/home/user/projects/AIDRBench/results/nature_mainline/commitment_validation_v1/inputs/confirmation/resource_gpu_h/1011115/H8P16/hourly_seed_1011115,1562e30565642366adb08b192d9079eaf8a97a3dc2f76eeb9b842e29f748a386
confirmation,resource_gpu_h,1011116,H8P16,0.5,repeated,2.949121593122471,193.4389798490304,21,False,False,False,5.1431081615760377e-14,8.1767465430022e-18,True,True,False,False,False,False,True,True,1,0.8119798030090672,32.0,94.37189097991907,91.11067085908314,3.2612201208359295,2.2979770619713236e-07,15254.487398221665,268.9713812863197,5.1431081615760377e-14,0.0,275.40738145117143,3,3,1,/home/user/projects/AIDRBench/results/nature_mainline/commitment_validation_v1/runs/confirmation/resource_gpu_h/H8P16/repeated_f0.5_1011116.parquet,2905b9cda72403d6e107a5be3e8750e4a9913b7c5aaa36f5b528d128a571472e,/home/user/projects/AIDRBench/results/nature_mainline/commitment_validation_v1/inputs/confirmation/resource_gpu_h/1011116/H8P16/hourly_seed_1011116,48b8b9230e2a4193a538e60552ffa7229640709dd816b0e30af93a748a929618
confirmation,resource_gpu_h,1011117,H8P16,0.5,repeated,2.949121593122471,193.4389798490304,23,False,False,False,0.0,0.0,False,True,False,False,False,False,True,True,1,0.009277122818944328,32.0,94.37189097991907,91.7636849156566,2.6082060642624754,1.0127712357643759e-07,15736.10158669571,272.12625265130316,0.0,0.0,298.24072276099764,5,5,0,/home/user/projects/AIDRBench/results/nature_mainline/commitment_validation_v1/runs/confirmation/resource_gpu_h/H8P16/repeated_f0.5_1011117.parquet,e17cbbbb688583995bfeba80f514e48b3fb407c3f1cd27e70455ef07992181fb,/home/user/projects/AIDRBench/results/nature_mainline/commitment_validation_v1/inputs/confirmation/resource_gpu_h/1011117/H8P16/hourly_seed_1011117,22523583e601736f41545ee0f0e582d90667db281c567487399c1f454ad3a1fb
confirmation,resource_gpu_h,1011118,H8P16,0.5,repeated,2.949121593122471,193.4389798490304,4,True,True,True,0.0,0.0,False,False,False,False,False,False,True,True,0,0.0,32.0,94.37189097991907,91.58255864873615,2.7893323311829192,4.635199957192526e-07,15274.70033479262,271.2372228319063,0.0,0.0,287.0578527213123,1,1,6,/home/user/projects/AIDRBench/results/nature_mainline/commitment_validation_v1/runs/confirmation/resource_gpu_h/H8P16/repeated_f0.5_1011118.parquet,f6ac573d1c079d8cc223580f81d1e36a404c39cbf0688da06c266dc05c775f44,/home/user/projects/AIDRBench/results/nature_mainline/commitment_validation_v1/inputs/confirmation/resource_gpu_h/1011118/H8P16/hourly_seed_1011118,639c2c8ce06d825c03d5329cefb05033a81b17f873293fb5410aa505a4314873
confirmation,resource_gpu_h,1011119,H8P16,0.5,repeated,2.949121593122471,193.4389798490304,12,False,False,False,1.7334885188055353,0.0002755978643298382,True,True,False,False,False,False,True,True,4,0.9440168852795106,32.0,94.37189097991907,89.37343932595815,4.998451653960927,-0.5951131461457067,13980.420378374707,264.40605623361296,1.7334885188055353,0.0,272.85809394187913,0,0,0,/home/user/projects/AIDRBench/results/nature_mainline/commitment_validation_v1/runs/confirmation/resource_gpu_h/H8P16/repeated_f0.5_1011119.parquet,38b3535b6b2c13f10cd70b2c2af92f0629fdd0887f655158d31ce52abd0592c7,/home/user/projects/AIDRBench/results/nature_mainline/commitment_validation_v1/inputs/confirmation/resource_gpu_h/1011119/H8P16/hourly_seed_1011119,eb6abe4643da65aee375ae61797da1aca66c37f4a64433462e1e11bd68321c14
confirmation,resource_gpu_h,1011120,H8P16,0.5,repeated,2.949121593122471,193.4389798490304,22,True,True,True,0.0,0.0,False,False,False,False,False,False,True,True,0,0.0,32.0,94.37189097991907,91.50970234753197,2.8621886323871024,2.3194453484705377,15358.552513357974,270.5002394983894,0.0,0.0,273.10174580998887,1,1,7,/home/user/projects/AIDRBench/results/nature_mainline/commitment_validation_v1/runs/confirmation/resource_gpu_h/H8P16/repeated_f0.5_1011120.parquet,22ab610154c3ebeabd76f60e05931089a373a8a9d8554886250c957f24b3cb9d,/home/user/projects/AIDRBench/results/nature_mainline/commitment_validation_v1/inputs/confirmation/resource_gpu_h/1011120/H8P16/hourly_seed_1011120,690af45afb9922296bf12005be2c5b3ecea68d06d144f8b7914db9775b7fef9a
confirmation,resource_gpu_h,1011121,H8P16,0.5,repeated,2.949121593122471,193.4389798490304,4,False,False,False,0.0,0.0,True,True,False,False,False,False,True,True,1,0.8119798030090672,32.0,94.37189097991907,90.85715987206697,3.5147311078521,5.115907697472721e-13,14303.176180002818,268.17315835474943,0.0,0.0,264.23501673328553,1,1,1,/home/user/projects/AIDRBench/results/nature_mainline/commitment_validation_v1/runs/confirmation/resource_gpu_h/H8P16/repeated_f0.5_1011121.parquet,fbdc01211b246a2ebbd795b6c23f5136e8ae3b6b583097af78697827ad29437c,/home/user/projects/AIDRBench/results/nature_mainline/commitment_validation_v1/inputs/confirmation/resource_gpu_h/1011121/H8P16/hourly_seed_1011121,121ab7b9f8f7dac6944f811c29889b76d6e12b0346f1c487a369eafcc6112d99
confirmation,resource_gpu_h,1011122,H8P16,0.5,repeated,2.949121593122471,193.4389798490304,17,True,True,True,4.440892098500626e-15,7.060331607557215e-19,False,False,False,False,False,False,True,True,0,0.0,32.0,94.37189097991907,91.59970491409314,2.7721860658259345,-3.979039320256561e-13,17616.606842851106,271.4108839061296,4.440892098500626e-15,0.0,299.16082032031875,2,2,6,/home/user/projects/AIDRBench/results/nature_mainline/commitment_validation_v1/runs/confirmation/resource_gpu_h/H8P16/repeated_f0.5_1011122.parquet,2825726e5351964c38dc0a783c1135f03f185247be9a7ab731fc25c2f2c1f14b,/home/user/projects/AIDRBench/results/nature_mainline/commitment_validation_v1/inputs/confirmation/resource_gpu_h/1011122/H8P16/hourly_seed_1011122,2590d4e781f67fa167b62b3e56b65561c0030b00d174bcc82a29cb7e4134a3ba
confirmation,resource_gpu_h,1011123,H8P16,0.5,repeated,2.949121593122471,193.4389798490304,6,True,True,True,0.0,0.0,False,False,False,False,False,False,True,True,0,0.0,32.0,94.37189097991907,91.24888651919343,3.123004460725639,4.6352050731002237e-07,16935.35375097186,269.4838121729058,0.0,0.0,309.03168251598754,3,3,6,/home/user/projects/AIDRBench/results/nature_mainline/commitment_validation_v1/runs/confirmation/resource_gpu_h/H8P16/repeated_f0.5_1011123.parquet,375a484fa182291450c72aef92c6fce47ffb6bd3eebc2d5d1868cc6d4c7a8b08,/home/user/projects/AIDRBench/results/nature_mainline/commitment_validation_v1/inputs/confirmation/resource_gpu_h/1011123/H8P16/hourly_seed_1011123,381e0e56ce4d335046198b523aa6fe1130b97bf4684cca7a14e2c128c6f32f77
confirmation,resource_gpu_h,1011124,H8P16,0.5,repeated,2.949121593122471,193.4389798490304,17,True,True,True,0.0,0.0,False,False,False,False,False,False,True,True,0,0.0,32.0,94.37189097991907,91.53554203893776,2.83634894098131,-3.410605131648481e-13,16270.899678590946,270.2182396987825,0.0,0.0,271.7198550356027,6,6,7,/home/user/projects/AIDRBench/results/nature_mainline/commitment_validation_v1/runs/confirmation/resource_gpu_h/H8P16/repeated_f0.5_1011124.parquet,d805251ce74bbf5ae0d6a299a6ace49eadc364bbe7c68cf6e78ca32239849af7,/home/user/projects/AIDRBench/results/nature_mainline/commitment_validation_v1/inputs/confirmation/resource_gpu_h/1011124/H8P16/hourly_seed_1011124,b3489f2034ad5eb188dd68be6fccdae4a6db01da87b3e73056b2533b30d2c7c5
confirmation,resource_gpu_h,1011125,H8P16,0.5,repeated,2.949121593122471,193.4389798490304,14,False,False,False,9.992007221626409e-16,1.5885746117003734e-19,True,True,False,False,False,False,True,True,1,0.8002572911965311,32.0,94.37189097991907,90.4710540351615,3.9008369447575717,5.115907697472721e-13,16950.47442705286,267.33687173962556,9.992007221626409e-16,0.0,298.3670149695698,2,2,3,/home/user/projects/AIDRBench/results/nature_mainline/commitment_validation_v1/runs/confirmation/resource_gpu_h/H8P16/repeated_f0.5_1011125.parquet,102234bf454fd282e0fb7af9ffadf38094e8c6c73fd5d480b4d1c32c98f6738e,/home/user/projects/AIDRBench/results/nature_mainline/commitment_validation_v1/inputs/confirmation/resource_gpu_h/1011125/H8P16/hourly_seed_1011125,b52872a9dd1d06bda50ac277045ca05dd1ba77d8712185d709db5006feee8a0e
confirmation,resource_gpu_h,1011126,H8P16,0.5,repeated,2.949121593122471,193.4389798490304,18,False,False,False,0.0,0.0,True,True,False,False,False,False,True,True,3,1.0307657286671068,32.0,94.37189097991907,90.19676052599158,4.175130453927494,1.7053025658242404e-13,16754.797874930722,266.3620029738332,0.0,0.0,283.4609242904908,1,1,4,/home/user/projects/AIDRBench/results/nature_mainline/commitment_validation_v1/runs/confirmation/resource_gpu_h/H8P16/repeated_f0.5_1011126.parquet,03823d9625369d0d448f86424b161bb915b33ae2e6bf57c84032138890bf8e45,/home/user/projects/AIDRBench/results/nature_mainline/commitment_validation_v1/inputs/confirmation/resource_gpu_h/1011126/H8P16/hourly_seed_1011126,0f9fe8e22b9114fb5c326625165b06610c47d9e46386891de41c36d5c3721160
confirmation,resource_gpu_h,1011127,H8P16,0.5,repeated,2.949121593122471,193.4389798490304,2,False,False,False,0.0,0.0,True,True,False,False,False,False,True,True,2,1.0307657286671636,32.0,94.37189097991907,90.74986299930072,3.6220279806183555,-4.547473508864641e-13,16191.609759020532,267.7032520154385,0.0,0.0,282.0802680861243,1,1,4,/home/user/projects/AIDRBench/results/nature_mainline/commitment_validation_v1/runs/confirmation/resource_gpu_h/H8P16/repeated_f0.5_1011127.parquet,eb1d033d6518137d10f02cf54e234801fc5533a3e8ec420836bd5396ee8b347c,/home/user/projects/AIDRBench/results/nature_mainline/commitment_validation_v1/inputs/confirmation/resource_gpu_h/1011127/H8P16/hourly_seed_1011127,18154111fe81e2da508a3ba3077af75945309bd850cfe2b0fb98f103970255c4
confirmation,resource_gpu_h,1011128,H8P16,0.5,repeated,2.949121593122471,193.4389798490304,17,False,False,False,0.0,0.0,True,True,False,False,False,False,True,True,1,0.8119798030091241,32.0,94.37189097991907,90.74150239493395,3.630388584985127,0.8129169741638975,16892.30430358964,267.6227437986655,0.0,0.0,292.4454187935912,1,1,1,/home/user/projects/AIDRBench/results/nature_mainline/commitment_validation_v1/runs/confirmation/resource_gpu_h/H8P16/repeated_f0.5_1011128.parquet,ddff387a9afb57060e7612e188e57d08487f69fc7307f7eaacfac460a7af3081,/home/user/projects/AIDRBench/results/nature_mainline/commitment_validation_v1/inputs/confirmation/resource_gpu_h/1011128/H8P16/hourly_seed_1011128,99afe55fd986e320110f5fb5f80b59c9f6eb25e3077995e40fc58540390f1cae
confirmation,resource_gpu_h,1011129,H8P16,0.5,repeated,2.949121593122471,193.4389798490304,3,False,False,False,0.0,0.0,True,True,False,False,False,False,True,True,1,0.8002572911964743,32.0,94.37189097991907,91.00507247922275,3.3668185006963256,-9.663381206337363e-13,16062.020288573545,270.2415725842024,0.0,0.0,280.15564224680327,1,1,3,/home/user/projects/AIDRBench/results/nature_mainline/commitment_validation_v1/runs/confirmation/resource_gpu_h/H8P16/repeated_f0.5_1011129.parquet,6205a43ceb11f24197f817a5877474d76220c0baf41266cb7653fe691b32e5dc,/home/user/projects/AIDRBench/results/nature_mainline/commitment_validation_v1/inputs/confirmation/resource_gpu_h/1011129/H8P16/hourly_seed_1011129,f8eae4af6e13179b4f0df6bed4a5008a8aa6f75ba8eef92a980b7cea7cbd7f79
confirmation,resource_gpu_h,1011130,H8P16,0.5,repeated,2.949121593122471,193.4389798490304,20,False,False,False,0.0,0.0,True,True,False,False,False,False,True,True,1,0.8002572911965311,32.0,94.37189097991907,90.90503223648147,3.466858743437598,5.402398528531194e-10,15783.661607796581,267.91953488509296,0.0,0.0,274.5444347651795,0,0,3,/home/user/projects/AIDRBench/results/nature_mainline/commitment_validation_v1/runs/confirmation/resource_gpu_h/H8P16/repeated_f0.5_1011130.parquet,52a030b5f9d46d4c8ac05f805cee64dc9c2f41e0459f423f91eac173f840ef16,/home/user/projects/AIDRBench/results/nature_mainline/commitment_validation_v1/inputs/confirmation/resource_gpu_h/1011130/H8P16/hourly_seed_1011130,b3b2ea09d367ec2ef58e86acda152d56a642294eef3d6751a39b630c0093b443
confirmation,resource_gpu_h,1011131,H8P16,0.5,repeated,2.949121593122471,193.4389798490304,3,True,True,True,0.0,0.0,False,False,False,False,False,False,True,True,0,0.0,32.0,94.37189097991907,91.61358552899611,2.758305450922961,5.115907697472721e-13,15350.953880342251,270.3116790900675,0.0,0.0,276.78304090452644,1,1,0,/home/user/projects/AIDRBench/results/nature_mainline/commitment_validation_v1/runs/confirmation/resource_gpu_h/H8P16/repeated_f0.5_1011131.parquet,c3c54491844340f7a0121b403cec10459fd94dfb375364a381dc9af4356f9db4,/home/user/projects/AIDRBench/results/nature_mainline/commitment_validation_v1/inputs/confirmation/resource_gpu_h/1011131/H8P16/hourly_seed_1011131,e775acc9e5eb506aa5a5f4be9674059ef29f59b058cc2ba99b9b6f7b85fb7001
confirmation,resource_gpu_h,1011132,H8P16,0.5,repeated,2.949121593122471,193.4389798490304,15,False,False,False,0.0,0.0,True,True,False,False,False,False,True,True,2,0.3511226854235625,32.0,94.37189097991907,90.68279668716929,3.689094292749786,1.1368683772161603e-13,16562.59997423282,267.38063206396123,0.0,0.0,291.59283137851173,1,1,5,/home/user/projects/AIDRBench/results/nature_mainline/commitment_validation_v1/runs/confirmation/resource_gpu_h/H8P16/repeated_f0.5_1011132.parquet,42144750a2209c727bee3790f4cc9d17d265266798e3616275e558619a214961,/home/user/projects/AIDRBench/results/nature_mainline/commitment_validation_v1/inputs/confirmation/resource_gpu_h/1011132/H8P16/hourly_seed_1011132,a7a13b3cdde1c36d5a7e594b7af4023d9213e1d0ac227a15c0782e53be6b42ab
confirmation,resource_gpu_h,1011133,H8P16,0.5,repeated,2.949121593122471,193.4389798490304,22,True,True,True,0.0,0.0,False,False,False,False,False,False,True,True,0,0.0,32.0,94.37189097991907,91.28576548360218,3.086125496316896,1.9617925772763556e-07,15539.387716123621,268.76608371578476,0.0,0.0,287.5420571775297,4,4,6,/home/user/projects/AIDRBench/results/nature_mainline/commitment_validation_v1/runs/confirmation/resource_gpu_h/H8P16/repeated_f0.5_1011133.parquet,b7cc443bd1b91efb90d005d94791dc834d694aa6978001721944922a390ef1bf,/home/user/projects/AIDRBench/results/nature_mainline/commitment_validation_v1/inputs/confirmation/resource_gpu_h/1011133/H8P16/hourly_seed_1011133,7c5c95a5db57bdfaa651680d8bf025ef555512c6351483f3bf81d04901bef8ed
confirmation,resource_gpu_h,1011134,H8P16,0.5,repeated,2.949121593122471,193.4389798490304,0,True,True,True,0.0,0.0,False,False,False,False,False,False,True,True,0,0.0,32.0,94.37189097991907,91.95046929726357,2.421421682655506,8.880056157067884e-08,16047.568076127094,271.3941878060185,0.0,0.0,295.7575019584088,6,6,6,/home/user/projects/AIDRBench/results/nature_mainline/commitment_validation_v1/runs/confirmation/resource_gpu_h/H8P16/repeated_f0.5_1011134.parquet,c89eda3f195a73e91e530549b58ba1be64592f767624bc17c33ab7b332f32203,/home/user/projects/AIDRBench/results/nature_mainline/commitment_validation_v1/inputs/confirmation/resource_gpu_h/1011134/H8P16/hourly_seed_1011134,7b85d3bff939c52950c911c07d969531c27942a15e411e6686fe927324a7c2bf
confirmation,resource_gpu_h,1011135,H8P16,0.5,repeated,2.949121593122471,193.4389798490304,14,False,False,False,0.0,0.0,False,True,False,False,False,False,True,True,2,0.3511226854235625,32.0,94.37189097991907,90.72643539370819,3.645455586210886,-1.7053025658242404e-13,18251.717854475057,268.00956323258066,0.0,0.0,307.2384252301795,1,1,5,/home/user/projects/AIDRBench/results/nature_mainline/commitment_validation_v1/runs/confirmation/resource_gpu_h/H8P16/repeated_f0.5_1011135.parquet,225a8607221cf4b798e0b15b8ff5858498f13d82f363b7078ad49fdcaa5ab3a4,/home/user/projects/AIDRBench/results/nature_mainline/commitment_validation_v1/inputs/confirmation/resource_gpu_h/1011135/H8P16/hourly_seed_1011135,392b830c5f91ed416c663590007c3891011845666e70c8ad9585fc33e10b67bd
confirmation,resource_gpu_h,1011136,H8P16,0.5,repeated,2.949121593122471,193.4389798490304,4,False,False,False,2.886579864025407e-15,4.58921554491219e-19,True,True,False,False,False,False,True,True,1,0.3511226854235625,32.0,94.37189097991907,90.9400514757711,3.4318395041479732,1.9024361108677112e-07,15761.83592447994,268.6624716067533,2.886579864025407e-15,0.0,282.77378673946595,0,0,5,/home/user/projects/AIDRBench/results/nature_mainline/commitment_validation_v1/runs/confirmation/resource_gpu_h/H8P16/repeated_f0.5_1011136.parquet,1d27ce63fdf136a25505197f688755c82f52000959215bedc1de430035316393,/home/user/projects/AIDRBench/results/nature_mainline/commitment_validation_v1/inputs/confirmation/resource_gpu_h/1011136/H8P16/hourly_seed_1011136,c9011dd6bbf1274d2ba55cfdb21dd96bf5f8d34723482ce4e4da8d5c211af1f5
confirmation,resource_gpu_h,1011137,H8P16,0.5,repeated,2.949121593122471,193.4389798490304,18,True,True,True,6.106226635438361e-16,9.70795596039117e-20,False,False,False,False,False,False,True,True,0,0.0,32.0,94.37189097991907,91.5948802693502,2.7770107105688737,7.957208936204552e-08,16495.32708621101,270.5343857523725,6.106226635438361e-16,0.0,280.33677745407414,0,0,7,/home/user/projects/AIDRBench/results/nature_mainline/commitment_validation_v1/runs/confirmation/resource_gpu_h/H8P16/repeated_f0.5_1011137.parquet,f709bed158f11ad02908eab0072506fd38d0cdfd3d1e7ac8f1689c0bbd25660d,/home/user/projects/AIDRBench/results/nature_mainline/commitment_validation_v1/inputs/confirmation/resource_gpu_h/1011137/H8P16/hourly_seed_1011137,1c9361a810f3d09a09ee978c78c51e80f6b9a404f3a4c699e69a17fdb7bfe0b4
confirmation,resource_gpu_h,1011138,H8P16,0.5,repeated,2.949121593122471,193.4389798490304,18,False,False,False,0.0,0.0,True,True,False,False,False,False,True,True,3,1.0307657286671068,32.0,94.37189097991907,90.1698950529456,4.201995926973467,-1.1368683772161603e-13,16481.800463016873,266.09786558655753,0.0,0.0,283.37656142599644,1,1,4,/home/user/projects/AIDRBench/results/nature_mainline/commitment_validation_v1/runs/confirmation/resource_gpu_h/H8P16/repeated_f0.5_1011138.parquet,a11e1c2af0d5d260b6d585384ea03ef1c334ee7b0abf31335e28fc5819151430,/home/user/projects/AIDRBench/results/nature_mainline/commitment_validation_v1/inputs/confirmation/resource_gpu_h/1011138/H8P16/hourly_seed_1011138,0f153576cf4fd09d8cbbd8f105066e9a54fac1d4e5bd82e43c62603911e27447
confirmation,resource_gpu_h,1011139,H8P16,0.5,repeated,2.949121593122471,193.4389798490304,22,True,True,True,1.3877787807814457e-16,2.2063536273616296e-20,False,False,False,False,False,False,True,True,0,0.0,32.0,94.37189097991907,91.90282801584061,2.4690629640784607,5.115907697472721e-13,14605.390643842933,272.50469622490107,1.3877787807814457e-16,0.0,268.4156217678368,3,3,1,/home/user/projects/AIDRBench/results/nature_mainline/commitment_validation_v1/runs/confirmation/resource_gpu_h/H8P16/repeated_f0.5_1011139.parquet,156498fdf28b14a7627822c4b7dce2b1ca21a2fe94cd279fd5eadf602a47fb4d,/home/user/projects/AIDRBench/results/nature_mainline/commitment_validation_v1/inputs/confirmation/resource_gpu_h/1011139/H8P16/hourly_seed_1011139,5d82f0af27913584d6a5026915c22a116c069baf2e87bab03cce7c2c656e9d8f
confirmation,resource_gpu_h,1011140,H8P16,0.5,repeated,2.949121593122471,193.4389798490304,2,True,True,True,9.992007221626409e-16,1.5885746117003732e-19,False,False,False,False,False,False,True,True,0,0.0,32.0,94.37189097991907,91.78180558706708,2.5900853928519894,4.6352113258762984e-07,14636.014768445431,272.16221804719623,9.992007221626409e-16,0.0,281.4260635223412,3,3,6,/home/user/projects/AIDRBench/results/nature_mainline/commitment_validation_v1/runs/confirmation/resource_gpu_h/H8P16/repeated_f0.5_1011140.parquet,88109278ddf68710a04eb612cb4bcde993ca12c3c5aa0095b83bcf31055fa1b3,/home/user/projects/AIDRBench/results/nature_mainline/commitment_validation_v1/inputs/confirmation/resource_gpu_h/1011140/H8P16/hourly_seed_1011140,c02e9004d865e380d24bc9cd6a9d76a75cf003f2fef59b631a90e04113229c24
confirmation,resource_gpu_h,1011141,H8P16,0.5,repeated,2.949121593122471,193.4389798490304,13,False,False,False,0.0,0.0,False,True,False,False,False,False,True,True,1,0.16634509299056877,32.0,94.37189097991907,91.31799531832559,3.0538956615934865,1.566888840898173e-08,16245.056879852871,269.50934657112373,0.0,0.0,279.5517814309233,0,0,5,/home/user/projects/AIDRBench/results/nature_mainline/commitment_validation_v1/runs/confirmation/resource_gpu_h/H8P16/repeated_f0.5_1011141.parquet,c4c7473e894948499267b4e38e64626946433fba13418b9bd44458750fb35118,/home/user/projects/AIDRBench/results/nature_mainline/commitment_validation_v1/inputs/confirmation/resource_gpu_h/1011141/H8P16/hourly_seed_1011141,fbc1a9ffae96e39d533f6b8551cfd9a64bfc93a21751395211f0fb3165ff0886
confirmation,resource_gpu_h,1011142,H8P16,0.5,repeated,2.949121593122471,193.4389798490304,14,True,True,True,0.0,0.0,False,False,False,False,False,False,True,True,0,0.0,32.0,94.37189097991907,91.71621751745465,2.6556734624644207,-1.1368683772161603e-13,16703.5634573107,271.0083742461955,0.0,0.0,297.67036990287727,5,5,6,/home/user/projects/AIDRBench/results/nature_mainline/commitment_validation_v1/runs/confirmation/resource_gpu_h/H8P16/repeated_f0.5_1011142.parquet,f165013d575bca2c8878e7ec8a537e6c01e6ac3eeec43f92a23379917ef2cfc8,/home/user/projects/AIDRBench/results/nature_mainline/commitment_validation_v1/inputs/confirmation/resource_gpu_h/1011142/H8P16/hourly_seed_1011142,21d37e07a8eb3d49e81c85c7e27c82c0aa644e3341a053029b2eec38afb35b2a
confirmation,resource_gpu_h,1011143,H8P16,0.5,repeated,2.949121593122471,193.4389798490304,4,True,True,True,0.0,0.0,False,False,False,False,False,False,True,True,0,0.0,32.0,94.37189097991907,91.68879046503446,2.6831005148846145,4.1979410525527783e-07,15000.062147179731,271.59373825383807,0.0,0.0,264.2331206369454,0,0,0,/home/user/projects/AIDRBench/results/nature_mainline/commitment_validation_v1/runs/confirmation/resource_gpu_h/H8P16/repeated_f0.5_1011143.parquet,d144d30c57d3edef329f109a9e46dfa26c0ddaa7d278485206294adc1948f684,/home/user/projects/AIDRBench/results/nature_mainline/commitment_validation_v1/inputs/confirmation/resource_gpu_h/1011143/H8P16/hourly_seed_1011143,fc15e931a10f2572291b1c1976e8bb6f8b105582e5314e9eb9d57027e20665aa
confirmation,resource_gpu_h,1011144,H8P16,0.5,repeated,2.949121593122471,193.4389798490304,1,True,True,True,0.0,0.0,False,False,False,False,False,False,True,True,0,0.0,32.0,94.37189097991907,91.86061831606179,2.5112726638572838,3.0769257364227087e-07,15566.1733533347,272.32822616764975,0.0,0.0,291.20366130630055,6,6,6,/home/user/projects/AIDRBench/results/nature_mainline/commitment_validation_v1/runs/confirmation/resource_gpu_h/H8P16/repeated_f0.5_1011144.parquet,a76f0030d4a483bf85a7aa4d731623fd7c7f657e992c02c67c3bd7ee693f48c6,/home/user/projects/AIDRBench/results/nature_mainline/commitment_validation_v1/inputs/confirmation/resource_gpu_h/1011144/H8P16/hourly_seed_1011144,b498bceb33340c0d7f923c214ec40b129ea5f7b673837270058bde341368df4f
confirmation,resource_gpu_h,1011145,H8P16,0.5,repeated,2.949121593122471,193.4389798490304,17,True,True,True,8.548717289613705e-15,1.3591138344547638e-18,False,False,False,False,False,False,True,True,0,0.0,32.0,94.37189097991907,91.62968777313637,2.7422032067827047,5.684341886080802e-14,16335.94793192095,271.0552672770059,8.548717289613705e-15,0.0,284.8568033129678,0,0,6,/home/user/projects/AIDRBench/results/nature_mainline/commitment_validation_v1/runs/confirmation/resource_gpu_h/H8P16/repeated_f0.5_1011145.parquet,e44c027ccf37557b24d979991ff050442fc84d91849e50f24d159094136eee39,/home/user/projects/AIDRBench/results/nature_mainline/commitment_validation_v1/inputs/confirmation/resource_gpu_h/1011145/H8P16/hourly_seed_1011145,4d10e7dc6e41f25f96ab0f396dc40fe8c5634a51dd3e78caf9ec590dff29a2d0
confirmation,resource_gpu_h,1011146,H8P16,0.5,repeated,2.949121593122471,193.4389798490304,23,True,True,True,0.0,0.0,False,False,False,False,False,False,True,True,0,0.0,32.0,94.37189097991907,91.22859284175445,3.1432981381646243,1.7053025658242404e-13,15130.404355025268,269.4013871366559,0.0,0.0,288.4435520225667,4,4,6,/home/user/projects/AIDRBench/results/nature_mainline/commitment_validation_v1/runs/confirmation/resource_gpu_h/H8P16/repeated_f0.5_1011146.parquet,0850297914fb22025e2ab68c9db46cd4534e6abbe66bda2df9961ef8ad5c9c12,/home/user/projects/AIDRBench/results/nature_mainline/commitment_validation_v1/inputs/confirmation/resource_gpu_h/1011146/H8P16/hourly_seed_1011146,345501cc58c55dae52f201977863943f88e3f3185e899efe244ed0801be8891b
confirmation,resource_gpu_h,1011147,H8P16,0.5,repeated,2.949121593122471,193.4389798490304,21,False,False,False,0.0,0.0,True,True,False,False,False,False,True,True,1,0.8119798030090672,32.0,94.37189097991907,90.86257971915427,3.509311260764804,2.2979816094448324e-07,15008.400026045225,269.4633793031539,0.0,0.0,264.89537978772495,1,1,1,/home/user/projects/AIDRBench/results/nature_mainline/commitment_validation_v1/runs/confirmation/resource_gpu_h/H8P16/repeated_f0.5_1011147.parquet,c5869b5b4ff5b8dc785b589e714badc1eff3e294dd49c4d4f57cc32c3baaabb0,/home/user/projects/AIDRBench/results/nature_mainline/commitment_validation_v1/inputs/confirmation/resource_gpu_h/1011147/H8P16/hourly_seed_1011147,2d5ba9d0026f636f21b61bc143faacdc5455de997583238d4d8ce8880fd32717
confirmation,resource_gpu_h,1011148,H8P16,0.5,repeated,2.949121593122471,193.4389798490304,7,True,True,True,0.0,0.0,False,False,False,False,False,False,True,True,0,0.0,32.0,94.37189097991907,91.34035467481607,3.0315363051030033,4.5056339104121435e-07,17801.8166260677,270.3499770262073,0.0,0.0,323.4738714621685,3,3,1,/home/user/projects/AIDRBench/results/nature_mainline/commitment_validation_v1/runs/confirmation/resource_gpu_h/H8P16/repeated_f0.5_1011148.parquet,a07ad84fcb0e582cd8957fc6812f286df29f87e0b29c67c5272281285835f7fb,/home/user/projects/AIDRBench/results/nature_mainline/commitment_validation_v1/inputs/confirmation/resource_gpu_h/1011148/H8P16/hourly_seed_1011148,ba950fe3ae11a690baf7922cf351b3bc8388992a4c105c766f91c0633813e14b
confirmation,resource_gpu_h,1011149,H8P16,0.5,repeated,2.949121593122471,193.4389798490304,19,True,True,True,5.551115123125783e-16,8.825414509446516e-20,False,False,False,False,False,False,True,True,0,0.0,32.0,94.37189097991907,91.36666445746869,3.0052265224503856,6.273134129599271,17669.80702020076,269.52004855376424,5.551115123125783e-16,0.0,297.5427041200164,1,1,0,/home/user/projects/AIDRBench/results/nature_mainline/commitment_validation_v1/runs/confirmation/resource_gpu_h/H8P16/repeated_f0.5_1011149.parquet,fc8f3c09b763e8725f6d8887215a42d18f248b243919a87ab081fb1267f18728,/home/user/projects/AIDRBench/results/nature_mainline/commitment_validation_v1/inputs/confirmation/resource_gpu_h/1011149/H8P16/hourly_seed_1011149,9bc4b3ab2f907cf2cfe698c2527c65c5741ebd75ebcabfc993d0e58a0c729723
confirmation,resource_gpu_h,1011150,H8P16,0.5,repeated,2.949121593122471,193.4389798490304,14,False,False,False,0.0,0.0,True,True,False,False,False,False,True,True,1,1.0307657286671636,32.0,94.37189097991907,90.0899778749631,4.281913104955976,-2.8421709430404007e-13,15401.044736175916,265.1051786406289,0.0,0.0,284.2841679633065,2,2,4,/home/user/projects/AIDRBench/results/nature_mainline/commitment_validation_v1/runs/confirmation/resource_gpu_h/H8P16/repeated_f0.5_1011150.parquet,bdb730fef0d236b5c0d2f6d999f6545667d96522d4f801cb06fcd6b3980c2eb3,/home/user/projects/AIDRBench/results/nature_mainline/commitment_validation_v1/inputs/confirmation/resource_gpu_h/1011150/H8P16/hourly_seed_1011150,291a184af61353640c59f56ffd136f2397b9e7783a9ba4a9facbb06af378e657
confirmation,resource_gpu_h,1011151,H8P16,0.5,repeated,2.949121593122471,193.4389798490304,19,True,True,True,9.71445146547012e-17,1.5444475391531406e-20,False,False,False,False,False,False,True,True,0,0.0,32.0,94.37189097991907,91.2053410652889,3.166549914630167,6.821210263296962e-13,15716.081895237627,270.23600292018523,9.71445146547012e-17,0.0,274.63365113970974,0,0,6,/home/user/projects/AIDRBench/results/nature_mainline/commitment_validation_v1/runs/confirmation/resource_gpu_h/H8P16/repeated_f0.5_1011151.parquet,b15c0a17172dc24976c1437a7b2e130d3ff2638fea3542fb8ec77a1bf80433fa,/home/user/projects/AIDRBench/results/nature_mainline/commitment_validation_v1/inputs/confirmation/resource_gpu_h/1011151/H8P16/hourly_seed_1011151,6a39b6c8c5ade769166cbbe0e738c864ddee5d86cb26993254681a6f6171fcf1
confirmation,resource_gpu_h,1011152,H8P16,0.5,repeated,2.949121593122471,193.4389798490304,3,False,False,False,0.0,0.0,True,True,False,False,False,False,True,True,1,0.8002572911964743,32.0,94.37189097991907,91.08220207561413,3.2896889043049384,-2.8421709430404007e-13,16243.542923437408,270.12237974553364,0.0,0.0,284.0189829822389,0,0,3,/home/user/projects/AIDRBench/results/nature_mainline/commitment_validation_v1/runs/confirmation/resource_gpu_h/H8P16/repeated_f0.5_1011152.parquet,9a170ef0c929c1fd2b898eb8a03ba89e1ea6ec6443cca3d4b1e4fb4936173c40,/home/user/projects/AIDRBench/results/nature_mainline/commitment_validation_v1/inputs/confirmation/resource_gpu_h/1011152/H8P16/hourly_seed_1011152,8b64ee09c2968ed003cf8f48c14dfd84dbe7ebb59e012a24c5667634ed55279e
confirmation,resource_gpu_h,1011153,H8P16,0.5,repeated,2.949121593122471,193.4389798490304,9,False,False,False,1.3100631690576847e-14,2.082797824229378e-18,True,True,False,False,False,False,True,True,1,0.832715004133278,32.0,94.37189097991907,90.09906100246582,4.272829977453256,2.4850129420883604e-07,18073.708403066732,266.4920413568456,1.3100631690576847e-14,0.0,327.34813832073667,2,2,2,/home/user/projects/AIDRBench/results/nature_mainline/commitment_validation_v1/runs/confirmation/resource_gpu_h/H8P16/repeated_f0.5_1011153.parquet,e21aa0e8f9ac893ce74e69a6d7278fcee46869773aed72b1d7af09021cbeec59,/home/user/projects/AIDRBench/results/nature_mainline/commitment_validation_v1/inputs/confirmation/resource_gpu_h/1011153/H8P16/hourly_seed_1011153,1dd86c6f12d6bafdef4e028f83a7328636727db1655942fd24f27076f6d56e51
confirmation,resource_gpu_h,1011154,H8P16,0.5,repeated,2.949121593122471,193.4389798490304,14,False,False,False,1.14837167258961,0.000182573335207699,True,True,False,False,False,False,True,True,3,0.9440168852794821,32.0,94.37189097991907,89.37397650826597,4.997914471653104,-0.3942403707354174,15868.636760142732,263.95671600914045,1.14837167258961,0.0,287.4573375031257,1,1,0,/home/user/projects/AIDRBench/results/nature_mainline/commitment_validation_v1/runs/confirmation/resource_gpu_h/H8P16/repeated_f0.5_1011154.parquet,37afb673de3a1bd01db9845bd72933de1c89756b17dc654e33329459f713480c,/home/user/projects/AIDRBench/results/nature_mainline/commitment_validation_v1/inputs/confirmation/resource_gpu_h/1011154/H8P16/hourly_seed_1011154,8186a7f1e936f3530c0019d027d57784c2bf5711ef42160c2549114da7bb6092
confirmation,resource_gpu_h,1011155,H8P16,0.5,repeated,2.949121593122471,193.4389798490304,0,True,True,True,0.0,0.0,False,False,False,False,False,False,True,True,0,0.0,32.0,94.37189097991907,91.24861208286455,3.1232788970545187,1.5183786672423594e-07,16948.275154173913,269.9525728243941,0.0,0.0,291.63102694588054,3,3,7,/home/user/projects/AIDRBench/results/nature_mainline/commitment_validation_v1/runs/confirmation/resource_gpu_h/H8P16/repeated_f0.5_1011155.parquet,fc0c8e7875f1a4ec22250e9ff76da01145777dc949f46e56a9e74c4c1505ca17,/home/user/projects/AIDRBench/results/nature_mainline/commitment_validation_v1/inputs/confirmation/resource_gpu_h/1011155/H8P16/hourly_seed_1011155,6b27974339a6d174fd7799e2fc1cf4e8519953071ca1b8ee8a0f989b48169fa8
confirmation,resource_gpu_h,1011156,H8P16,0.5,repeated,2.949121593122471,193.4389798490304,19,True,True,True,0.0,0.0,False,False,False,False,False,False,True,True,0,0.0,32.0,94.37189097991907,91.23708165098441,3.134809328934665,-5.684341886080802e-14,15775.072779428321,270.12216076067557,0.0,0.0,275.66680237886646,0,0,6,/home/user/projects/AIDRBench/results/nature_mainline/commitment_validation_v1/runs/confirmation/resource_gpu_h/H8P16/repeated_f0.5_1011156.parquet,801281e8c31e0aae4d8f2013fcbaf1c277ada58370f267f8d55dbf0fff2424b8,/home/user/projects/AIDRBench/results/nature_mainline/commitment_validation_v1/inputs/confirmation/resource_gpu_h/1011156/H8P16/hourly_seed_1011156,e04e4b9a5bdff56d78130d3cf9ada4fe4c7ad4592c9be6ca903038a71c748709
confirmation,resource_gpu_h,1011157,H8P16,0.5,repeated,2.949121593122471,193.4389798490304,20,False,False,False,0.0,0.0,True,True,False,False,False,False,True,True,2,0.3511226854235341,32.0,94.37189097991907,90.90984129814865,3.4620496817704236,2.9652390002781317,17028.622386836374,268.1143059367538,0.0,0.0,289.74432278306995,1,1,5,/home/user/projects/AIDRBench/results/nature_mainline/commitment_validation_v1/runs/confirmation/resource_gpu_h/H8P16/repeated_f0.5_1011157.parquet,0c1e089267ae5fd8a4b8f18f7c131cb02c0a6c87fbab78449e00354a3aa60fa1,/home/user/projects/AIDRBench/results/nature_mainline/commitment_validation_v1/inputs/confirmation/resource_gpu_h/1011157/H8P16/hourly_seed_1011157,5ddd77fd772a71582379b650c9e171539b7d50bce9d5f56e56bdeca5691c783e
confirmation,resource_gpu_h,1011158,H8P16,0.5,repeated,2.949121593122471,193.4389798490304,21,True,True,True,0.0,0.0,False,False,False,False,False,False,True,True,0,0.0,32.0,94.37189097991907,91.22726206415325,3.1446289157658214,2.8421709430404007e-13,14449.160394176404,269.5970798370788,0.0,0.0,258.2771419496397,1,1,6,/home/user/projects/AIDRBench/results/nature_mainline/commitment_validation_v1/runs/confirmation/resource_gpu_h/H8P16/repeated_f0.5_1011158.parquet,98b0c09d61999640cf429a9d31b5130241a59eab42ac70a064563f9b9ae167aa,/home/user/projects/AIDRBench/results/nature_mainline/commitment_validation_v1/inputs/confirmation/resource_gpu_h/1011158/H8P16/hourly_seed_1011158,71d63dabab6b1db7f2923bf187b43f4acc1a93765b0de162420a84170054f400
confirmation,resource_gpu_h,1011159,H8P16,0.5,repeated,2.949121593122471,193.4389798490304,14,False,False,False,2.220446049250313e-15,3.5301658037786073e-19,True,True,False,False,False,False,True,True,1,0.8119798030090957,32.0,94.37189097991907,90.60168985040087,3.770201129518199,-5.684341886080802e-14,17295.009480308287,266.69687630069086,2.220446049250313e-15,0.0,301.7006291712611,3,3,1,/home/user/projects/AIDRBench/results/nature_mainline/commitment_validation_v1/runs/confirmation/resource_gpu_h/H8P16/repeated_f0.5_1011159.parquet,3b7bf2175e7abc61bf90a4af87f60402a3745ba75d217b406be8d57b437049ac,/home/user/projects/AIDRBench/results/nature_mainline/commitment_validation_v1/inputs/confirmation/resource_gpu_h/1011159/H8P16/hourly_seed_1011159,c7d6caeb5841d8c92fc0c8e00885e060874052fb51633244e60948f06d0ffaed
confirmation,resource_gpu_h,1011160,H8P16,0.5,repeated,2.949121593122471,193.4389798490304,10,True,True,True,0.0,0.0,False,False,False,False,False,False,True,True,0,0.0,32.0,94.37189097991907,91.0496131800021,3.322277799916975,2.3139818949857727e-09,16015.75755340877,269.2697795871185,0.0,0.0,300.6416551869486,3,3,4,/home/user/projects/AIDRBench/results/nature_mainline/commitment_validation_v1/runs/confirmation/resource_gpu_h/H8P16/repeated_f0.5_1011160.parquet,6b4a639a3620fe86e7cd1ea350e20f0f2090c70b435761af7237aab151b5c618,/home/user/projects/AIDRBench/results/nature_mainline/commitment_validation_v1/inputs/confirmation/resource_gpu_h/1011160/H8P16/hourly_seed_1011160,4518397e2f6c55fff6a4bd13a8599acdb5b326618268b0b7be77c8625ea9ae98
confirmation,resource_gpu_h,1011161,H8P16,0.5,repeated,2.949121593122471,193.4389798490304,19,True,True,True,0.0,0.0,False,False,False,False,False,False,True,True,0,0.0,32.0,94.37189097991907,91.31646086377987,3.055430116139206,3.979039320256561e-13,15579.83901150163,270.2549208681928,0.0,0.0,272.2948149168227,1,1,6,/home/user/projects/AIDRBench/results/nature_mainline/commitment_validation_v1/runs/confirmation/resource_gpu_h/H8P16/repeated_f0.5_1011161.parquet,09c670977f6986579b9595c21ef55f1630672a3d5c17b5f9f3273d3bba5d71e7,/home/user/projects/AIDRBench/results/nature_mainline/commitment_validation_v1/inputs/confirmation/resource_gpu_h/1011161/H8P16/hourly_seed_1011161,6e0a5fbbcea6f7a60baefe0e81a1c9bde9e5f93bcdaf04bccb7615c25b03584a
confirmation,resource_gpu_h,1011162,H8P16,0.5,repeated,2.949121593122471,193.4389798490304,1,False,False,False,0.0,0.0,True,True,False,False,False,False,True,True,1,0.3679201554451632,32.0,94.37189097991907,91.22074458806787,3.1511463918511993,0.0,16624.38484825769,269.95359271923155,0.0,0.0,283.0737338854781,5,5,2,/home/user/projects/AIDRBench/results/nature_mainline/commitment_validation_v1/runs/confirmation/resource_gpu_h/H8P16/repeated_f0.5_1011162.parquet,073d59031ff101342ffc83a3d1fca3fef5dd3696bc7469b7d1f5d34881b855b4,/home/user/projects/AIDRBench/results/nature_mainline/commitment_validation_v1/inputs/confirmation/resource_gpu_h/1011162/H8P16/hourly_seed_1011162,f9d3783928fa23ca5b04c95a6c459dd91ea49607b5c7f6964a4573bc690a9917
confirmation,resource_gpu_h,1011163,H8P16,0.5,repeated,2.949121593122471,193.4389798490304,21,True,True,True,2.5424107263916085e-14,4.042039845326505e-18,False,False,False,False,False,False,True,True,0,0.0,32.0,94.37189097991907,91.94353863227337,2.428352347645699,3.979039320256561e-13,14291.731933417315,271.6824393305816,2.5424107263916085e-14,0.0,254.2809372052181,0,0,3,/home/user/projects/AIDRBench/results/nature_mainline/commitment_validation_v1/runs/confirmation/resource_gpu_h/H8P16/repeated_f0.5_1011163.parquet,a2f6b0e569fdb4494a07cd5af0ea61a4e9d99451a67f6c9e04c5ad86123992d1,/home/user/projects/AIDRBench/results/nature_mainline/commitment_validation_v1/inputs/confirmation/resource_gpu_h/1011163/H8P16/hourly_seed_1011163,32fe1d0282e3117710694fe19aba3375adf2e61017c3a9b6ce651903254ebf62
confirmation,resource_gpu_h,1011164,H8P16,0.5,repeated,2.949121593122471,193.4389798490304,11,False,False,False,0.0,0.0,True,True,False,False,False,False,True,True,1,0.8327150041333065,32.0,94.37189097991907,90.03331121619982,4.3385797637192525,5.115907697472721e-13,16440.779685006513,265.94657629599715,0.0,0.0,299.82495692156294,0,0,2,/home/user/projects/AIDRBench/results/nature_mainline/commitment_validation_v1/runs/confirmation/resource_gpu_h/H8P16/repeated_f0.5_1011164.parquet,d9881484b8b7e3c1fc90fb0b92e5bb8dc1440d09750d74f4bb9f9590d0515762,/home/user/projects/AIDRBench/results/nature_mainline/commitment_validation_v1/inputs/confirmation/resource_gpu_h/1011164/H8P16/hourly_seed_1011164,3f0db3e8a4aa468da10242c7075b365f7308b2d86453d11e49da990dc65431c2
confirmation,resource_gpu_h,1011165,H8P16,0.5,repeated,2.949121593122471,193.4389798490304,23,True,True,True,0.0,0.0,False,False,False,False,False,False,True,True,0,0.0,32.0,94.37189097991907,91.7831968803988,2.588694099520268,1.32747231873509e-07,15722.713148747815,272.7019605099818,0.0,0.0,305.53632195582003,3,3,3,/home/user/projects/AIDRBench/results/nature_mainline/commitment_validation_v1/runs/confirmation/resource_gpu_h/H8P16/repeated_f0.5_1011165.parquet,cbf7d9e779f36bcf8b5011018d76b4afaf41418c9253c451a3c642e372d85c03,/home/user/projects/AIDRBench/results/nature_mainline/commitment_validation_v1/inputs/confirmation/resource_gpu_h/1011165/H8P16/hourly_seed_1011165,e286332cbf9cdd148dafeb742d928b02862532bd1ab96a23d44416f945f43c1d
confirmation,resource_gpu_h,1011166,H8P16,0.5,repeated,2.949121593122471,193.4389798490304,16,False,False,False,1.9625168653873981,0.000312009829280404,True,True,False,False,False,False,True,True,3,0.9440168852794821,32.0,94.37189097991907,89.54686395143023,4.825027028488847,-0.6737393673806764,16842.728239582953,265.0932387607634,1.9625168653873981,0.0,297.97628297936507,2,2,0,/home/user/projects/AIDRBench/results/nature_mainline/commitment_validation_v1/runs/confirmation/resource_gpu_h/H8P16/repeated_f0.5_1011166.parquet,0246947f51022c194b65c42aa14c9c21404f92d08e34aa63b3b0491a5ecc411e,/home/user/projects/AIDRBench/results/nature_mainline/commitment_validation_v1/inputs/confirmation/resource_gpu_h/1011166/H8P16/hourly_seed_1011166,bd30dad3fbf814385607ae7690f5a07d0533f95fe0fefab4cb27400f2ef35d19
confirmation,resource_gpu_h,1011167,H8P16,0.5,repeated,2.949121593122471,193.4389798490304,18,False,False,False,0.0,0.0,True,True,False,False,False,False,True,True,3,1.0307657286671068,32.0,94.37189097991907,90.18967714295354,4.182213836965531,3.979039320256561e-13,15872.130119118308,265.8661209395314,0.0,0.0,274.5133977759606,0,0,4,/home/user/projects/AIDRBench/results/nature_mainline/commitment_validation_v1/runs/confirmation/resource_gpu_h/H8P16/repeated_f0.5_1011167.parquet,79872e3ba7cd51ca2704f0f552067f6606ce0e9e0aa5fb77d5e2a3e015208218,/home/user/projects/AIDRBench/results/nature_mainline/commitment_validation_v1/inputs/confirmation/resource_gpu_h/1011167/H8P16/hourly_seed_1011167,172039a357bb30983ca97fb9fca1e96880b4a27fbbb84fe9dabc54909ab65fe9
confirmation,resource_gpu_h,1011168,H8P16,0.5,repeated,2.949121593122471,193.4389798490304,9,False,False,False,0.0,0.0,True,True,False,False,False,False,True,True,2,0.9440168852795106,32.0,94.37189097991907,90.45270087646293,3.9191901034561454,-3.410605131648481e-13,18322.67461328105,267.82533432906695,0.0,0.0,327.48076472252444,8,8,0,/home/user/projects/AIDRBench/results/nature_mainline/commitment_validation_v1/runs/confirmation/resource_gpu_h/H8P16/repeated_f0.5_1011168.parquet,19367a7af1b9e839284b88d83f555020a963775235c0b5de10ddeebe9fbe7557,/home/user/projects/AIDRBench/results/nature_mainline/commitment_validation_v1/inputs/confirmation/resource_gpu_h/1011168/H8P16/hourly_seed_1011168,eb50488e8bb72b760a4f82a42665c52de9f6979e38114016203530ccc04f334b
confirmation,resource_gpu_h,1011169,H8P16,0.5,repeated,2.949121593122471,193.4389798490304,14,True,True,True,6.106226635438361e-16,9.70795596039117e-20,False,False,False,False,False,False,True,True,0,0.0,32.0,94.37189097991907,91.06993837575357,3.301952604165507,1.1368683772161603e-12,17698.336140658583,268.8231356185101,6.106226635438361e-16,0.0,300.07261731516303,3,3,7,/home/user/projects/AIDRBench/results/nature_mainline/commitment_validation_v1/runs/confirmation/resource_gpu_h/H8P16/repeated_f0.5_1011169.parquet,389716582d4ab9e28537af95355d93af7f958802955c4198f0326d01d57e731f,/home/user/projects/AIDRBench/results/nature_mainline/commitment_validation_v1/inputs/confirmation/resource_gpu_h/1011169/H8P16/hourly_seed_1011169,164be4fbade4771e64deedc5192ac92b91f811257171b85cbd69c188a5b1692b
confirmation,resource_gpu_h,1011170,H8P16,0.5,repeated,2.949121593122471,193.4389798490304,9,False,False,False,0.0,0.0,True,True,False,False,False,False,True,True,1,0.8327150041332496,32.0,94.37189097991907,90.3455877003193,4.026303279599773,2.485007826180663e-07,18089.71940858755,266.59780002383775,0.0,0.0,327.75379775791623,2,2,2,/home/user/projects/AIDRBench/results/nature_mainline/commitment_validation_v1/runs/confirmation/resource_gpu_h/H8P16/repeated_f0.5_1011170.parquet,606ff5351dc7451e22f0ceef1ea95351356687dc87a9a0f60ef4ae9e20ae0945,/home/user/projects/AIDRBench/results/nature_mainline/commitment_validation_v1/inputs/confirmation/resource_gpu_h/1011170/H8P16/hourly_seed_1011170,6127b474f14d5f47a6a4b7b178ba9d841c3ccf38558e217e3c4c7e7bfff544d3
confirmation,resource_gpu_h,1011171,H8P16,0.5,repeated,2.949121593122471,193.4389798490304,4,True,True,True,0.0,0.0,False,False,False,False,False,False,True,True,0,0.0,32.0,94.37189097991907,91.33276898483871,3.0391219950803645,4.6352050731002237e-07,15598.653063792339,271.1427705103769,0.0,0.0,299.6518476367977,2,2,6,/home/user/projects/AIDRBench/results/nature_mainline/commitment_validation_v1/runs/confirmation/resource_gpu_h/H8P16/repeated_f0.5_1011171.parquet,e8f6e38757e155c9f76532760f7ec81aad970a547a5284a21f86855bdb86ed90,/home/user/projects/AIDRBench/results/nature_mainline/commitment_validation_v1/inputs/confirmation/resource_gpu_h/1011171/H8P16/hourly_seed_1011171,8ca5a6246162a04b259cb7a0102daabec26fbc827f4543c797c10ac09b62be40
confirmation,resource_gpu_h,1011172,H8P16,0.5,repeated,2.949121593122471,193.4389798490304,13,False,False,False,0.0,0.0,True,True,False,False,False,False,True,True,1,0.832715004133278,32.0,94.37189097991907,90.16753650164907,4.204354478270005,8.079433655439061e-08,15881.1849418793,265.8957089563538,0.0,0.0,288.8801249840114,2,2,2,/home/user/projects/AIDRBench/results/nature_mainline/commitment_validation_v1/runs/confirmation/resource_gpu_h/H8P16/repeated_f0.5_1011172.parquet,92c5afef9d887c8c53ac5fbba95beee67291ae9ba82637b3869bc865faf37e5b,/home/user/projects/AIDRBench/results/nature_mainline/commitment_validation_v1/inputs/confirmation/resource_gpu_h/1011172/H8P16/hourly_seed_1011172,85149831c4201eae6669149454ab4dec891ce82f234a3c90063c40b081237200
confirmation,resource_gpu_h,1011173,H8P16,0.5,repeated,2.949121593122471,193.4389798490304,0,False,False,False,1.6088169229703702,0.0002557770087648763,True,True,False,False,False,False,True,True,3,0.944016885279539,32.0,94.37189097991907,89.44630436519515,4.925586614723926,-0.552312963316524,15858.144775968376,264.31666347940035,1.6088169229703702,0.0,283.3862389418107,7,7,0,/home/user/projects/AIDRBench/results/nature_mainline/commitment_validation_v1/runs/confirmation/resource_gpu_h/H8P16/repeated_f0.5_1011173.parquet,8375b28161480c9bee3775d427f524ff99669441d93fced5d8c25a0996eb2b5f,/home/user/projects/AIDRBench/results/nature_mainline/commitment_validation_v1/inputs/confirmation/resource_gpu_h/1011173/H8P16/hourly_seed_1011173,78e4a35dc5caf2456ac3994d21aa681b2a46805706dd04a202e9294a7e4eb111
confirmation,resource_gpu_h,1011174,H8P16,0.5,repeated,2.949121593122471,193.4389798490304,22,True,True,True,0.0,0.0,False,False,False,False,False,False,True,True,0,0.0,32.0,94.37189097991907,91.85172247889165,2.5201685010274275,1.1368683772161603e-13,15877.824870166543,272.3976273286073,0.0,0.0,296.5405279035798,3,3,1,/home/user/projects/AIDRBench/results/nature_mainline/commitment_validation_v1/runs/confirmation/resource_gpu_h/H8P16/repeated_f0.5_1011174.parquet,2aa7506c188edd7de398db0760d86cd9331b57fcc6c76fdb08c86fd8c9f59a5e,/home/user/projects/AIDRBench/results/nature_mainline/commitment_validation_v1/inputs/confirmation/resource_gpu_h/1011174/H8P16/hourly_seed_1011174,8854b417e032ce44d34ec22dd35887e2ff124e7f925d9bac7e2d871288a67e3d
confirmation,resource_gpu_h,1011175,H8P16,0.5,repeated,2.949121593122471,193.4389798490304,11,False,False,False,0.0,0.0,True,True,False,False,False,False,True,True,1,0.15578354648464288,32.0,94.37189097991907,91.1384781671091,3.2334128128099735,-6.252776074688882e-13,18457.01632328934,269.7473282885337,0.0,0.0,307.43450386807564,0,0,5,/home/user/projects/AIDRBench/results/nature_mainline/commitment_validation_v1/runs/confirmation/resource_gpu_h/H8P16/repeated_f0.5_1011175.parquet,575de97480733a28e70933e406e9d8d6c0214d6056673434a1dc53e7451bd63e,/home/user/projects/AIDRBench/results/nature_mainline/commitment_validation_v1/inputs/confirmation/resource_gpu_h/1011175/H8P16/hourly_seed_1011175,18be8227e06d00139a51ac8c39cb2407647027ef3dc578450c98fbd6bb8504ee
confirmation,resource_gpu_h,1011176,H8P16,0.5,repeated,2.949121593122471,193.4389798490304,8,False,False,False,0.0,0.0,False,True,False,False,False,False,True,True,1,0.009277122818887484,32.0,94.37189097991907,91.34670459820694,3.025186381712132,1.893076276608781,19742.464240054163,270.1821461922218,0.0,0.0,343.53485562831713,4,4,0,/home/user/projects/AIDRBench/results/nature_mainline/commitment_validation_v1/runs/confirmation/resource_gpu_h/H8P16/repeated_f0.5_1011176.parquet,d56c322fe0db727853cf6ec8d2460006f6932b6094b0a514f7a3450fb1991ac4,/home/user/projects/AIDRBench/results/nature_mainline/commitment_validation_v1/inputs/confirmation/resource_gpu_h/1011176/H8P16/hourly_seed_1011176,6167c7685a02349e8cf9e433fc893f385cfa6f80d59036883262c5b70bed88ed
confirmation,resource_gpu_h,1011177,H8P16,0.5,repeated,2.949121593122471,193.4389798490304,12,False,False,False,0.0,0.0,False,True,False,False,False,False,True,True,1,0.1557835464846713,32.0,94.37189097991907,91.22289102435491,3.1489999555641646,-5.684341886080802e-14,18577.26680132576,269.7883469286047,0.0,0.0,307.8479169160957,0,0,5,/home/user/projects/AIDRBench/results/nature_mainline/commitment_validation_v1/runs/confirmation/resource_gpu_h/H8P16/repeated_f0.5_1011177.parquet,a53e1fcdb4e4b116d9f8bdcc7c13896c945d05f277afbb67b2178580d860dc5d,/home/user/projects/AIDRBench/results/nature_mainline/commitment_validation_v1/inputs/confirmation/resource_gpu_h/1011177/H8P16/hourly_seed_1011177,086b4ff22ddf580701353c29005a76dd78fe61430f1814e7d819dedfd8a25575
confirmation,resource_gpu_h,1011178,H8P16,0.5,repeated,2.949121593122471,193.4389798490304,11,True,True,True,0.0,0.0,False,False,False,False,False,False,True,True,0,0.0,32.0,94.37189097991907,91.27589638415168,3.0959945957673938,4.98073404742172e-08,17923.013897519817,268.8395236059494,0.0,0.0,318.0840480064294,1,1,6,/home/user/projects/AIDRBench/results/nature_mainline/commitment_validation_v1/runs/confirmation/resource_gpu_h/H8P16/repeated_f0.5_1011178.parquet,70af28ccf7c85bab5838ef846331b832f027c7bdc4587a44df70ce1490532dea,/home/user/projects/AIDRBench/results/nature_mainline/commitment_validation_v1/inputs/confirmation/resource_gpu_h/1011178/H8P16/hourly_seed_1011178,00701196a78ed2f269c4f55cb32d4db972bc05e92e1993a47ab4617e57d57eff
confirmation,resource_gpu_h,1011179,H8P16,0.5,repeated,2.949121593122471,193.4389798490304,5,False,False,False,0.0,0.0,True,True,False,False,False,False,True,True,2,0.3511226854235625,32.0,94.37189097991907,90.83608192428505,3.5358090556340187,-2.8421709430404007e-13,16216.718612923767,268.2903954865162,0.0,0.0,293.6492758931996,1,1,5,/home/user/projects/AIDRBench/results/nature_mainline/commitment_validation_v1/runs/confirmation/resource_gpu_h/H8P16/repeated_f0.5_1011179.parquet,3d2c0070ee7fb6ef353a695e1b3ec4248341f4795c7a501fd3a5338d8690c13f,/home/user/projects/AIDRBench/results/nature_mainline/commitment_validation_v1/inputs/confirmation/resource_gpu_h/1011179/H8P16/hourly_seed_1011179,fcfd3a7384e0e4567995832234290da7f8097cb5eaf2f6e39c4259c30fa571cb
confirmation,resource_gpu_h,1011180,H8P16,0.5,repeated,2.949121593122471,193.4389798490304,12,False,False,False,0.0,0.0,True,True,False,False,False,False,True,True,1,0.8327150041332496,32.0,94.37189097991907,90.09294351311922,4.278947466799849,4.1168891584675293e-07,15975.472694216029,265.6439657590293,0.0,0.0,295.03119781397317,1,1,2,/home/user/projects/AIDRBench/results/nature_mainline/commitment_validation_v1/runs/confirmation/resource_gpu_h/H8P16/repeated_f0.5_1011180.parquet,b1bd4875afaaf5e5f8d1c1b843294e43aba906e6d1feea60c1af80d9a7df8598,/home/user/projects/AIDRBench/results/nature_mainline/commitment_validation_v1/inputs/confirmation/resource_gpu_h/1011180/H8P16/hourly_seed_1011180,0b0d6bf0b6a07c775f2bf2d732a16c827db9edb9cb8261c47ffa8b368808d824
confirmation,resource_gpu_h,1011181,H8P16,0.5,repeated,2.949121593122471,193.4389798490304,3,False,False,False,0.0,0.0,True,True,False,False,False,False,True,True,1,0.8119798030090957,32.0,94.37189097991907,90.81473077396487,3.5571602059542045,3.410605131648481e-13,15332.078372858781,268.49077223579286,0.0,0.0,273.12639422301385,0,0,1,/home/user/projects/AIDRBench/results/nature_mainline/commitment_validation_v1/runs/confirmation/resource_gpu_h/H8P16/repeated_f0.5_1011181.parquet,756105681caa8c6c104634867c93e5523548586771329ddc157ca8a01c9de340,/home/user/projects/AIDRBench/results/nature_mainline/commitment_validation_v1/inputs/confirmation/resource_gpu_h/1011181/H8P16/hourly_seed_1011181,d9d0654db38e8337cdc833539dad8ef774eb5de1c382fc715e607954e41d37fb
confirmation,resource_gpu_h,1011182,H8P16,0.5,repeated,2.949121593122471,193.4389798490304,15,False,False,False,0.0,0.0,True,True,False,False,False,False,True,True,1,0.8002572911964743,32.0,94.37189097991907,90.59650111643714,3.7753898634819336,2.0391303223732393e-07,16973.167773739257,267.2345858800661,0.0,0.0,301.53377113852775,3,3,3,/home/user/projects/AIDRBench/results/nature_mainline/commitment_validation_v1/runs/confirmation/resource_gpu_h/H8P16/repeated_f0.5_1011182.parquet,c6ee6c88d390fee6ea828d2aee1488725b5862ed42bea6c73d36e8c4ead4d4dc,/home/user/projects/AIDRBench/results/nature_mainline/commitment_validation_v1/inputs/confirmation/resource_gpu_h/1011182/H8P16/hourly_seed_1011182,10147a6aaff9215aca9fec991baa981a7040ae9414ad2f1968cbb4641aaefbf3
confirmation,resource_gpu_h,1011183,H8P16,0.5,repeated,2.949121593122471,193.4389798490304,3,False,False,False,0.0,0.0,True,True,False,False,False,False,True,True,2,1.03076572866705,32.0,94.37189097991907,90.85513539054818,3.516755589370888,0.0,14981.63763685189,268.19415749719496,0.0,0.0,269.96583744152105,0,0,4,/home/user/projects/AIDRBench/results/nature_mainline/commitment_validation_v1/runs/confirmation/resource_gpu_h/H8P16/repeated_f0.5_1011183.parquet,70067ca5f28a6537eac1b9c56a8e14a87d0c276b178a76178c6a455c8a3d5dfe,/home/user/projects/AIDRBench/results/nature_mainline/commitment_validation_v1/inputs/confirmation/resource_gpu_h/1011183/H8P16/hourly_seed_1011183,bcf023c0ee5695b94dd83d0ec27ecd43571dfb557256511d0030736fed28bb12
confirmation,resource_gpu_h,1011184,H8P16,0.5,repeated,2.949121593122471,193.4389798490304,11,True,True,True,0.0,0.0,False,False,False,False,False,False,True,True,0,0.0,32.0,94.37189097991907,90.76774692038356,3.604144059535514,4.7189359975163825e-08,16262.826156060153,267.809710578009,0.0,0.0,295.6653823866916,1,1,7,/home/user/projects/AIDRBench/results/nature_mainline/commitment_validation_v1/runs/confirmation/resource_gpu_h/H8P16/repeated_f0.5_1011184.parquet,ba8ddc08b51c33d20b05e223b4c316f24c0665ae07372db547515a2ad36e0332,/home/user/projects/AIDRBench/results/nature_mainline/commitment_validation_v1/inputs/confirmation/resource_gpu_h/1011184/H8P16/hourly_seed_1011184,dc24c1c56990e7d5b36e8f53034db2143013a5177263c689bb3bcdaaf1b8faf0
confirmation,resource_gpu_h,1011185,H8P16,0.5,repeated,2.949121593122471,193.4389798490304,13,False,False,False,0.0,0.0,True,True,False,False,False,False,True,True,1,0.8327150041333065,32.0,94.37189097991907,90.15545005640996,4.216440923509111,8.079410918071517e-08,16169.526979795486,265.8720660587479,0.0,0.0,293.6935271599147,3,3,2,/home/user/projects/AIDRBench/results/nature_mainline/commitment_validation_v1/runs/confirmation/resource_gpu_h/H8P16/repeated_f0.5_1011185.parquet,003ec960721ed465fd48ae7e3d8f555808bb669d0865382ad56cda9b6f2d7701,/home/user/projects/AIDRBench/results/nature_mainline/commitment_validation_v1/inputs/confirmation/resource_gpu_h/1011185/H8P16/hourly_seed_1011185,71dfa3a07f427d412b642bdabfddf9708f9e930d7169f2ef0f2dd3d52168ce8b
confirmation,resource_gpu_h,1011186,H8P16,0.5,repeated,2.949121593122471,193.4389798490304,5,False,False,False,0.0,0.0,True,True,False,False,False,False,True,True,2,1.0307657286671068,32.0,94.37189097991907,90.79258536607165,3.579305613847424,2.8985334929940336,16751.712476228735,268.47653660688445,0.0,0.0,300.0931071451639,2,2,4,/home/user/projects/AIDRBench/results/nature_mainline/commitment_validation_v1/runs/confirmation/resource_gpu_h/H8P16/repeated_f0.5_1011186.parquet,a13de8c3b0da3c53225dad1e28064824c13daa42a5793813d67220dd14f38d52,/home/user/projects/AIDRBench/results/nature_mainline/commitment_validation_v1/inputs/confirmation/resource_gpu_h/1011186/H8P16/hourly_seed_1011186,39bc495509c11d7817c2ffd802e01f5e9e6f04f82ddb627e705c5b34098d95b4
confirmation,resource_gpu_h,1011187,H8P16,0.5,repeated,2.949121593122471,193.4389798490304,8,True,True,True,0.0,0.0,False,False,False,False,False,False,True,True,0,0.0,32.0,94.37189097991907,91.42294366596008,2.948947313958996,1.1368683772161603e-13,18594.968230047358,269.05933087471647,0.0,0.0,339.57931894884734,2,2,4,/home/user/projects/AIDRBench/results/nature_mainline/commitment_validation_v1/runs/confirmation/resource_gpu_h/H8P16/repeated_f0.5_1011187.parquet,3c498679c6d1f84d6440d3dd358747c3e2c05eb8a62dfb20460f81530d66d753,/home/user/projects/AIDRBench/results/nature_mainline/commitment_validation_v1/inputs/confirmation/resource_gpu_h/1011187/H8P16/hourly_seed_1011187,729e4fc34bbfd28edcc47ca89eda4267e5016df5f86792a7a79a160f91625ae9
confirmation,resource_gpu_h,1011188,H8P16,0.5,repeated,2.949121593122471,193.4389798490304,14,False,False,False,0.0,0.0,False,True,False,False,False,False,True,True,2,0.3511226854235341,32.0,94.37189097991907,90.57309009924148,3.7988008806775895,-4.547473508864641e-13,17294.594856708933,267.263258005301,0.0,0.0,294.04857588330333,2,2,5,/home/user/projects/AIDRBench/results/nature_mainline/commitment_validation_v1/runs/confirmation/resource_gpu_h/H8P16/repeated_f0.5_1011188.parquet,6ae96f06d3cea947746e67edd3a2575bc77d8535899b1a8dd4c65e3a27f00bf3,/home/user/projects/AIDRBench/results/nature_mainline/commitment_validation_v1/inputs/confirmation/resource_gpu_h/1011188/H8P16/hourly_seed_1011188,b629402a27b7e2683dc56eec7a87c126aac8dbe06b51efc06332b1b451724773
confirmation,resource_gpu_h,1011189,H8P16,0.5,repeated,2.949121593122471,193.4389798490304,9,True,True,True,0.0,0.0,False,False,False,False,False,False,True,True,0,0.0,32.0,94.37189097991907,91.12478125284872,3.2471097270703524,1.4808847481617704e-07,17552.09308652892,269.1813430145528,0.0,0.0,318.16936265606427,1,1,4,/home/user/projects/AIDRBench/results/nature_mainline/commitment_validation_v1/runs/confirmation/resource_gpu_h/H8P16/repeated_f0.5_1011189.parquet,c2f435bae848e403bfd2187f4c5ef0b6ace9bff00c751656d35aadb916b16ea6,/home/user/projects/AIDRBench/results/nature_mainline/commitment_validation_v1/inputs/confirmation/resource_gpu_h/1011189/H8P16/hourly_seed_1011189,ca9d97ea4838b3a4c944653b6eea18f42d26e7b78747de86d2b62b37200a8b17
confirmation,resource_gpu_h,1011190,H8P16,0.5,repeated,2.949121593122471,193.4389798490304,14,False,False,False,1.862519658836273,0.00029611181999711806,True,True,False,False,False,False,True,True,3,0.944016885279539,32.0,94.37189097991907,89.35282470435595,5.0190662755631195,-0.639410129923192,16179.348476538282,263.75840122318306,1.862519658836273,0.0,292.49781686387144,3,3,0,/home/user/projects/AIDRBench/results/nature_mainline/commitment_validation_v1/runs/confirmation/resource_gpu_h/H8P16/repeated_f0.5_1011190.parquet,0716fc0522c1a54ff53cfe924ef739077eda551ea8967dc1c3573eec2089fc85,/home/user/projects/AIDRBench/results/nature_mainline/commitment_validation_v1/inputs/confirmation/resource_gpu_h/1011190/H8P16/hourly_seed_1011190,afbffda0689d2b49cd2b478194f4ca8b76ceb1188a4b12fdcf3a8a9d84e9db90
confirmation,resource_gpu_h,1011191,H8P16,0.5,repeated,2.949121593122471,193.4389798490304,19,False,False,False,0.0,0.0,True,True,False,False,False,False,True,True,2,0.3511226854235625,32.0,94.37189097991907,90.91312999387327,3.458760986045803,8.782780014371383e-08,17100.30206716489,268.1669914854556,0.0,0.0,293.1889675146035,0,0,5,/home/user/projects/AIDRBench/results/nature_mainline/commitment_validation_v1/runs/confirmation/resource_gpu_h/H8P16/repeated_f0.5_1011191.parquet,b96edd10d40947bd93a6eac2724d5bb5ec0b77667f6ed58a856fb11fb33aa360,/home/user/projects/AIDRBench/results/nature_mainline/commitment_validation_v1/inputs/confirmation/resource_gpu_h/1011191/H8P16/hourly_seed_1011191,2f3c3bd3fb3988c7a86f798543c2aa6925093ef93c05ebbc0ffb3e9a22d64cf2
confirmation,resource_gpu_h,1011192,H8P16,0.5,repeated,2.949121593122471,193.4389798490304,5,True,True,True,0.0,0.0,False,False,False,False,False,False,True,True,0,0.0,32.0,94.37189097991907,91.3730059802262,2.9988849996928764,2.0792168697880697e-07,14594.28622697105,269.9980378028204,0.0,0.0,264.56856335355405,0,0,7,/home/user/projects/AIDRBench/results/nature_mainline/commitment_validation_v1/runs/confirmation/resource_gpu_h/H8P16/repeated_f0.5_1011192.parquet,19067912a7fe12d294a64a4f2161526bd27ed86b7cc46abe41f375cc33cc6f02,/home/user/projects/AIDRBench/results/nature_mainline/commitment_validation_v1/inputs/confirmation/resource_gpu_h/1011192/H8P16/hourly_seed_1011192,9a7ed840cbad7bad9ba5914c3cb37dc2d747178c2c1bcbf8342c22ebd8561397
confirmation,resource_gpu_h,1011193,H8P16,0.5,repeated,2.949121593122471,193.4389798490304,23,True,True,True,0.0,0.0,False,False,False,False,False,False,True,True,0,0.0,32.0,94.37189097991907,91.87462414140572,2.4972668385133545,2.1275251873088337,17127.249652600894,271.6043448495278,0.0,0.0,325.50153595365515,2,2,5,/home/user/projects/AIDRBench/results/nature_mainline/commitment_validation_v1/runs/confirmation/resource_gpu_h/H8P16/repeated_f0.5_1011193.parquet,d9377f52f0448498fb75982b648580ff19bb788214f7a913907d5120b31e0528,/home/user/projects/AIDRBench/results/nature_mainline/commitment_validation_v1/inputs/confirmation/resource_gpu_h/1011193/H8P16/hourly_seed_1011193,d0875cd6de819c4a2cbf497711904149a71b27ee322047ab6a805a363fae62e9
confirmation,resource_gpu_h,1011194,H8P16,0.5,repeated,2.949121593122471,193.4389798490304,6,True,True,True,0.0,0.0,False,False,False,False,False,False,True,True,0,0.0,32.0,94.37189097991907,91.07282642750539,3.2990645524136823,4.635198820324149e-07,16227.960615842689,269.347036679284,0.0,0.0,305.74749251688394,1,1,6,/home/user/projects/AIDRBench/results/nature_mainline/commitment_validation_v1/runs/confirmation/resource_gpu_h/H8P16/repeated_f0.5_1011194.parquet,8bd9703d2f781a01a835b64765328e2c8bb3f078a225dd3e05f70fd0598e3d37,/home/user/projects/AIDRBench/results/nature_mainline/commitment_validation_v1/inputs/confirmation/resource_gpu_h/1011194/H8P16/hourly_seed_1011194,1219243e4d4ce67260a1abc7488ce09514a2ff521f349ab7e1b70ee744af8553
confirmation,resource_gpu_h,1011195,H8P16,0.5,repeated,2.949121593122471,193.4389798490304,22,True,True,True,0.0,0.0,False,False,False,False,False,False,True,True,0,0.0,32.0,94.37189097991907,91.60679952545956,2.765091454459508,2.360247607988299,16564.892358875775,270.4553580949431,0.0,0.0,296.00737489690334,2,2,7,/home/user/projects/AIDRBench/results/nature_mainline/commitment_validation_v1/runs/confirmation/resource_gpu_h/H8P16/repeated_f0.5_1011195.parquet,48e749e189fae8aee57b80316b7c26119f18b455e98d4a004870a8c29e4534f0,/home/user/projects/AIDRBench/results/nature_mainline/commitment_validation_v1/inputs/confirmation/resource_gpu_h/1011195/H8P16/hourly_seed_1011195,b7e3e631ae75eb052f6e33a9b3fa91a93e4dee454e1a79da9091274517f48482
confirmation,resource_gpu_h,1011196,H8P16,0.5,repeated,2.949121593122471,193.4389798490304,19,False,False,False,1.0769163338864018e-14,1.7121304148326244e-18,True,True,False,False,False,False,True,True,2,0.3511226854235341,32.0,94.37189097991907,90.74045074781367,3.6314402321054047,8.782780014371383e-08,16562.066960577482,268.41881479153926,1.0769163338864018e-14,0.0,282.1847042327814,0,0,5,/home/user/projects/AIDRBench/results/nature_mainline/commitment_validation_v1/runs/confirmation/resource_gpu_h/H8P16/repeated_f0.5_1011196.parquet,240c2975697fd987a7639ef3a7fe7ba36bb0af7df72b446d4878385a4c90f3f4,/home/user/projects/AIDRBench/results/nature_mainline/commitment_validation_v1/inputs/confirmation/resource_gpu_h/1011196/H8P16/hourly_seed_1011196,96165c3e84829b51d3b4467785dc856e32272ebdcf5d231f865b3397c4989522
confirmation,resource_gpu_h,1011197,H8P16,0.5,repeated,2.949121593122471,193.4389798490304,6,False,False,False,0.0,0.0,False,True,False,False,False,False,True,True,1,0.3679201554451632,32.0,94.37189097991907,90.98034332342837,3.391547656490701,-2.2737367544323206e-13,15703.132834008606,269.8586222327043,0.0,0.0,284.73904705466936,2,2,2,/home/user/projects/AIDRBench/results/nature_mainline/commitment_validation_v1/runs/confirmation/resource_gpu_h/H8P16/repeated_f0.5_1011197.parquet,f4eb49c5443fd5cc49cc46f303c5377d9c955409809c580f5cd3d96aa7dd83b0,/home/user/projects/AIDRBench/results/nature_mainline/commitment_validation_v1/inputs/confirmation/resource_gpu_h/1011197/H8P16/hourly_seed_1011197,c19ec47543143bd70768fb773334ab8056d6d48666cfeb8dfaf4a05427fb18fb
confirmation,resource_gpu_h,1011198,H8P16,0.5,repeated,2.949121593122471,193.4389798490304,11,True,True,True,0.0,0.0,False,False,False,False,False,False,True,True,0,0.0,32.0,94.37189097991907,91.3688852089565,3.0030057709625737,2.3038467134028906e-08,18223.894262046175,269.86662761704326,0.0,0.0,321.1022728165974,0,0,1,/home/user/projects/AIDRBench/results/nature_mainline/commitment_validation_v1/runs/confirmation/resource_gpu_h/H8P16/repeated_f0.5_1011198.parquet,7e9f493b65282a7d130876212b28821aff9d2eb90afbc7a8d3ca04a921a831f6,/home/user/projects/AIDRBench/results/nature_mainline/commitment_validation_v1/inputs/confirmation/resource_gpu_h/1011198/H8P16/hourly_seed_1011198,4144ba3872c39ee79912eae7bf3664c70e419ccd8665e6ce3ae40f9864f18d3e
confirmation,resource_gpu_h,1011199,H8P16,0.5,repeated,2.949121593122471,193.4389798490304,2,False,False,False,0.0,0.0,True,True,False,False,False,False,True,True,1,0.8119798030090672,32.0,94.37189097991907,90.58477259022709,3.787118389691983,4.4630013462665374e-07,15652.895911284104,268.76698182088546,0.0,0.0,284.0207210971383,3,3,1,/home/user/projects/AIDRBench/results/nature_mainline/commitment_validation_v1/runs/confirmation/resource_gpu_h/H8P16/repeated_f0.5_1011199.parquet,24baa3487906451ba4ed9c7ac3755478656e861f012ceb58d7ccb2474fb13e2d,/home/user/projects/AIDRBench/results/nature_mainline/commitment_validation_v1/inputs/confirmation/resource_gpu_h/1011199/H8P16/hourly_seed_1011199,e9619dc87fbbab979042c2622fd8683a852fdd2bc7da27ad86ce01b00e307e19
confirmation,resource_gpu_h,1011200,H8P16,0.5,repeated,2.949121593122471,193.4389798490304,22,True,True,True,0.0,0.0,False,False,False,False,False,False,True,True,0,0.0,32.0,94.37189097991907,91.0063715321146,3.3655194478044734,1.9617925772763556e-07,14645.855749824808,268.8089193984153,0.0,0.0,270.4713414819102,2,2,6,/home/user/projects/AIDRBench/results/nature_mainline/commitment_validation_v1/runs/confirmation/resource_gpu_h/H8P16/repeated_f0.5_1011200.parquet,19a6f8b423dc1c4f9b658e4ef85c69e2614487842c73e0c1b1efd7fd2d003aa8,/home/user/projects/AIDRBench/results/nature_mainline/commitment_validation_v1/inputs/confirmation/resource_gpu_h/1011200/H8P16/hourly_seed_1011200,1728db73c26acf07e6b5d48bfa886037a4c421417d3fd0b9aa2fa913592a876e
confirmation,resource_gpu_h,1011201,H8P16,0.5,repeated,2.949121593122471,193.4389798490304,13,True,True,True,0.0,0.0,False,False,False,False,False,False,True,True,0,0.0,32.0,94.37189097991907,91.34798770692589,3.0239032729931807,-2.2737367544323206e-13,16988.44721436945,269.0019565110932,0.0,0.0,302.1485895430318,2,2,1,/home/user/projects/AIDRBench/results/nature_mainline/commitment_validation_v1/runs/confirmation/resource_gpu_h/H8P16/repeated_f0.5_1011201.parquet,d8487864b25f0c470cb8afbc86b246e2c3b5f40a127fa00b7502a05a5c60b13b,/home/user/projects/AIDRBench/results/nature_mainline/commitment_validation_v1/inputs/confirmation/resource_gpu_h/1011201/H8P16/hourly_seed_1011201,6abd2263acb1b4a14dd15bebc93676449f3ff55338201e6d78f422f315e7b377
confirmation,resource_gpu_h,1011202,H8P16,0.5,repeated,2.949121593122471,193.4389798490304,6,True,True,True,1.2490009027033011e-15,1.9857182646254666e-19,False,False,False,False,False,False,True,True,0,0.0,32.0,94.37189097991907,91.04998160943171,3.3219093704873615,4.635198820324149e-07,16839.393378851713,269.2002019779842,1.2490009027033011e-15,0.0,308.4855787702886,3,3,6,/home/user/projects/AIDRBench/results/nature_mainline/commitment_validation_v1/runs/confirmation/resource_gpu_h/H8P16/repeated_f0.5_1011202.parquet,076ef53914074ea8e680d828d47896054856e2a79ab38f72c602b451e30c2089,/home/user/projects/AIDRBench/results/nature_mainline/commitment_validation_v1/inputs/confirmation/resource_gpu_h/1011202/H8P16/hourly_seed_1011202,47626421d4aedb818b9573e010ba9d1e2d022c5e5830ebeec29e26a6a4c4e64a
confirmation,resource_gpu_h,1011203,H8P16,0.5,repeated,2.949121593122471,193.4389798490304,21,True,True,True,0.0,0.0,False,False,False,False,False,False,True,True,0,0.0,32.0,94.37189097991907,91.73408822092108,2.637802758997992,-1.1368683772161603e-13,14952.455001654622,271.68932926988987,0.0,0.0,266.9038418635357,0,0,3,/home/user/projects/AIDRBench/results/nature_mainline/commitment_validation_v1/runs/confirmation/resource_gpu_h/H8P16/repeated_f0.5_1011203.parquet,31d9aaf5d201ad5b940bf6f0001199972de174a01ccb9b194979862fd9a8d44b,/home/user/projects/AIDRBench/results/nature_mainline/commitment_validation_v1/inputs/confirmation/resource_gpu_h/1011203/H8P16/hourly_seed_1011203,488880b3a7bb2b6ac688957d42ab93c2770872ff12b68d35ed8af14ab3ab16dc
confirmation,resource_gpu_h,1011204,H8P16,0.5,repeated,2.949121593122471,193.4389798490304,13,False,False,False,0.0,0.0,False,True,False,False,False,False,True,True,1,0.1663450929906256,32.0,94.37189097991907,91.33804604993486,3.0338449299842125,1.5669058939238312e-08,16878.02688190804,269.90712389007825,0.0,0.0,281.4331516025622,0,0,5,/home/user/projects/AIDRBench/results/nature_mainline/commitment_validation_v1/runs/confirmation/resource_gpu_h/H8P16/repeated_f0.5_1011204.parquet,be4220f0574f3c97b564269ba388d86f76f3782c7ce0eaec1fc1348e544ee60a,/home/user/projects/AIDRBench/results/nature_mainline/commitment_validation_v1/inputs/confirmation/resource_gpu_h/1011204/H8P16/hourly_seed_1011204,d0b225613ffa87f41861da8ab08d342fcefc9b77711895d2562ab401fc4e459f
confirmation,resource_gpu_h,1011205,H8P16,0.5,repeated,2.949121593122471,193.4389798490304,23,True,True,True,0.0,0.0,False,False,False,False,False,False,True,True,0,0.0,32.0,94.37189097991907,91.87267949867311,2.4992114812459647,2.144088988912756,16025.162993019843,271.5833638953577,0.0,0.0,300.55443817416904,3,3,5,/home/user/projects/AIDRBench/results/nature_mainline/commitment_validation_v1/runs/confirmation/resource_gpu_h/H8P16/repeated_f0.5_1011205.parquet,e8a735883d0feb7fa87d253520336d4379d5576cc5ef0ccfdcd26045e454a1c1,/home/user/projects/AIDRBench/results/nature_mainline/commitment_validation_v1/inputs/confirmation/resource_gpu_h/1011205/H8P16/hourly_seed_1011205,6fc27ae5ef9aebd23338bfee90b23d29efca3bd5c68e2482f7f01508406a9fae
confirmation,resource_gpu_h,1011206,H8P16,0.5,repeated,2.949121593122471,193.4389798490304,18,False,False,False,0.0,0.0,True,True,False,False,False,False,True,True,1,0.3679201554451348,32.0,94.37189097991907,91.06817128718365,3.3037196927354273,7.179323802120052e-08,16496.348563269807,268.301283153191,0.0,0.0,277.677013569982,0,0,2,/home/user/projects/AIDRBench/results/nature_mainline/commitment_validation_v1/runs/confirmation/resource_gpu_h/H8P16/repeated_f0.5_1011206.parquet,b5ae26500938736a0a90e7b485d1ed924d58d23b7844238f3da8819e597f5a71,/home/user/projects/AIDRBench/results/nature_mainline/commitment_validation_v1/inputs/confirmation/resource_gpu_h/1011206/H8P16/hourly_seed_1011206,7133422dd2106fa6553c5b75b306fba55b32a17b67b6bd1af990c576b7fc14e2
confirmation,resource_gpu_h,1011207,H8P16,0.5,repeated,2.949121593122471,193.4389798490304,4,False,False,False,0.0,0.0,True,True,False,False,False,False,True,True,1,0.3511226854235625,32.0,94.37189097991907,90.87266947491662,3.4992215050024527,1.9024440689463518e-07,15941.62808177231,268.8748255515318,0.0,0.0,283.6160822581672,1,1,5,/home/user/projects/AIDRBench/results/nature_mainline/commitment_validation_v1/runs/confirmation/resource_gpu_h/H8P16/repeated_f0.5_1011207.parquet,dcf32ec0f3aad6db0d51084ea3c3e316f927fa21260fa07c2c160ef3a29eaaa2,/home/user/projects/AIDRBench/results/nature_mainline/commitment_validation_v1/inputs/confirmation/resource_gpu_h/1011207/H8P16/hourly_seed_1011207,990df659841a9674409e1be4bf835e53d88c1d746f24c3a53a82b817622bacbe
confirmation,resource_gpu_h,1011208,H8P16,0.5,repeated,2.949121593122471,193.4389798490304,10,False,False,False,0.0,0.0,True,True,False,False,False,False,True,True,1,1.0278883418808542,32.0,94.37189097991907,90.26167297958705,4.110218000332026,-4.547473508864641e-13,17154.126638842063,266.66316858669586,0.0,0.0,310.05135888908796,0,0,3,/home/user/projects/AIDRBench/results/nature_mainline/commitment_validation_v1/runs/confirmation/resource_gpu_h/H8P16/repeated_f0.5_1011208.parquet,d3e1d8e7d80c0cdeff771e097e8b52130fa70f0ee9fda317256799aa6c591031,/home/user/projects/AIDRBench/results/nature_mainline/commitment_validation_v1/inputs/confirmation/resource_gpu_h/1011208/H8P16/hourly_seed_1011208,34d0ec18c655c8e15f4a776d4899e526db44108746b12f7eed195607c9f319ce
confirmation,resource_gpu_h,1011209,H8P16,0.5,repeated,2.949121593122471,193.4389798490304,15,False,False,False,0.0,0.0,True,True,False,False,False,False,True,True,1,0.8119798030090957,32.0,94.37189097991907,90.6301994268955,3.7416915530235713,7.389644451905042e-13,17567.802623590585,267.7229118391634,0.0,0.0,299.3235428927957,6,6,1,/home/user/projects/AIDRBench/results/nature_mainline/commitment_validation_v1/runs/confirmation/resource_gpu_h/H8P16/repeated_f0.5_1011209.parquet,7f9d2c149461078bef2d2e022f6c32c6d2f8a324c05c3be23878338281055697,/home/user/projects/AIDRBench/results/nature_mainline/commitment_validation_v1/inputs/confirmation/resource_gpu_h/1011209/H8P16/hourly_seed_1011209,628f955791e0f7ff623fa58282b107dcb380b8e4dc7499aa42469773dac7ff36
confirmation,resource_gpu_h,1011210,H8P16,0.5,repeated,2.949121593122471,193.4389798490304,11,False,False,False,1.6091455951802152,0.00025582926256299213,True,True,False,False,False,False,True,True,4,0.9440168852794821,32.0,94.37189097991907,89.1839234774746,5.187967502444479,-0.5524258916427129,16446.930101106816,265.2794090854552,1.6091455951802152,0.0,303.36835518491506,0,0,0,/home/user/projects/AIDRBench/results/nature_mainline/commitment_validation_v1/runs/confirmation/resource_gpu_h/H8P16/repeated_f0.5_1011210.parquet,9ea0f500c0fd50331806fa54274b1d1ec6bd9faffe5ca6511de6247c28d4d839,/home/user/projects/AIDRBench/results/nature_mainline/commitment_validation_v1/inputs/confirmation/resource_gpu_h/1011210/H8P16/hourly_seed_1011210,d6072200f9f9545da6d29a1edddda70339d019c1810e726d0d77e6048a23f863
confirmation,resource_gpu_h,1011211,H8P16,0.5,repeated,2.949121593122471,193.4389798490304,16,False,False,False,0.0,0.0,True,True,False,False,False,False,True,True,2,0.3511226854235341,32.0,94.37189097991907,90.60602695582236,3.7658640240967145,-4.547473508864641e-13,18504.437922041652,268.3834732252329,0.0,0.0,311.95099608668914,3,3,5,/home/user/projects/AIDRBench/results/nature_mainline/commitment_validation_v1/runs/confirmation/resource_gpu_h/H8P16/repeated_f0.5_1011211.parquet,954be55431de04ebe37c665abb084970070c6bbbd77e77572e805d79c948a549,/home/user/projects/AIDRBench/results/nature_mainline/commitment_validation_v1/inputs/confirmation/resource_gpu_h/1011211/H8P16/hourly_seed_1011211,75fe6b6e21828693e11f5a900306b46f7212ec22b74f6899266fe07be673857c
confirmation,resource_gpu_h,1011212,H8P16,0.5,repeated,2.949121593122471,193.4389798490304,8,True,True,True,0.0,0.0,False,False,False,False,False,False,True,True,0,0.0,32.0,94.37189097991907,91.28104932698534,3.090841652933733,6.252776074688882e-13,17651.24686817182,269.506255620753,0.0,0.0,328.8971487034484,2,2,4,/home/user/projects/AIDRBench/results/nature_mainline/commitment_validation_v1/runs/confirmation/resource_gpu_h/H8P16/repeated_f0.5_1011212.parquet,f5b245bc4e7c5f4a71ed1fb2298ae3ad6d80562afe2ffa4c9c390f2afaae8376,/home/user/projects/AIDRBench/results/nature_mainline/commitment_validation_v1/inputs/confirmation/resource_gpu_h/1011212/H8P16/hourly_seed_1011212,d1a45fc62eea40ec0dc8b3df0993e6ac21c7b6ecafdfa4d5947e5079ec2c89d8
confirmation,resource_gpu_h,1011213,H8P16,0.5,repeated,2.949121593122471,193.4389798490304,0,False,False,False,4.773959005888173e-15,7.589856478124006e-19,False,True,False,False,False,False,True,True,1,0.3511226854235625,32.0,94.37189097991907,91.1619343476915,3.2099566322275734,0.0,16945.982502234314,269.2612398849923,4.773959005888173e-15,0.0,295.2353005921381,2,2,5,/home/user/projects/AIDRBench/results/nature_mainline/commitment_validation_v1/runs/confirmation/resource_gpu_h/H8P16/repeated_f0.5_1011213.parquet,de181af68bed1757db504cbc0dd4f0445413cc5b9fe215acaddce0db50634a73,/home/user/projects/AIDRBench/results/nature_mainline/commitment_validation_v1/inputs/confirmation/resource_gpu_h/1011213/H8P16/hourly_seed_1011213,6f7cafdb77e67a4f79ec69d6f3afe2e67e1c6330cb56352a695e5895ca838ae5
confirmation,resource_gpu_h,1011214,H8P16,0.5,repeated,2.949121593122471,193.4389798490304,7,True,True,True,0.0,0.0,False,False,False,False,False,False,True,True,0,0.0,32.0,94.37189097991907,91.45436363854878,2.9175273413702882,4.505637321017275e-07,17680.07735717023,270.552658090813,0.0,0.0,320.30591733600227,1,1,1,/home/user/projects/AIDRBench/results/nature_mainline/commitment_validation_v1/runs/confirmation/resource_gpu_h/H8P16/repeated_f0.5_1011214.parquet,13c47c9a76807806506786669e9b5c3397c575f8be7c6b40ecb5310583f75e78,/home/user/projects/AIDRBench/results/nature_mainline/commitment_validation_v1/inputs/confirmation/resource_gpu_h/1011214/H8P16/hourly_seed_1011214,d196966c0bafd5ca1eb83ace5d485e141c0790c76b3225a34f1b3f7c9f30cc6c
confirmation,resource_gpu_h,1011215,H8P16,0.5,repeated,2.949121593122471,193.4389798490304,9,False,False,False,0.0,0.0,True,True,False,False,False,False,True,True,1,0.15578354648464288,32.0,94.37189097991907,91.35697721133522,3.0149137685838525,2.0301047243265202e-07,19920.79930402455,269.50641799548663,0.0,0.0,340.2441341337659,1,1,5,/home/user/projects/AIDRBench/results/nature_mainline/commitment_validation_v1/runs/confirmation/resource_gpu_h/H8P16/repeated_f0.5_1011215.parquet,321a71ad1df9228680445e58119e480b81216ee4b1354208a9e96a579fd24afe,/home/user/projects/AIDRBench/results/nature_mainline/commitment_validation_v1/inputs/confirmation/resource_gpu_h/1011215/H8P16/hourly_seed_1011215,1b965d2e61d4a4bd26e8f29acc976bcc12697e3f5991e4d9f58648a0f3cf2adb
confirmation,resource_gpu_h,1011216,H8P16,0.5,repeated,2.949121593122471,193.4389798490304,8,False,False,False,1.9262369477246466e-14,3.0624188347779417e-18,True,True,False,False,False,False,True,True,1,0.15578354648464288,32.0,94.37189097991907,91.18389143849276,3.187999541426308,1.0142230166820809e-07,20374.855874119825,268.9702874298828,1.9262369477246466e-14,0.0,340.45662587516983,2,2,5,/home/user/projects/AIDRBench/results/nature_mainline/commitment_validation_v1/runs/confirmation/resource_gpu_h/H8P16/repeated_f0.5_1011216.parquet,39df60b534c2169048bc603ff375a4239a0e6827d7284d42575633f3edd3ee2b,/home/user/projects/AIDRBench/results/nature_mainline/commitment_validation_v1/inputs/confirmation/resource_gpu_h/1011216/H8P16/hourly_seed_1011216,74bbbdd0f3e7c8fb3c29e8c6da9a3f34a82a86d7e6f9103af4a4de3456bd3ede
confirmation,resource_gpu_h,1011217,H8P16,0.5,repeated,2.949121593122471,193.4389798490304,2,False,False,False,0.0,0.0,True,True,False,False,False,False,True,True,2,1.0307657286671636,32.0,94.37189097991907,90.72264858473602,3.6492423951830517,1.1368683772161603e-13,16250.356209444737,268.1964029649168,0.0,0.0,282.5016502749214,2,2,4,/home/user/projects/AIDRBench/results/nature_mainline/commitment_validation_v1/runs/confirmation/resource_gpu_h/H8P16/repeated_f0.5_1011217.parquet,12b4e9cc911ecfab3035e484df62e9efa6e0b15cca94489401765e1acbedb066,/home/user/projects/AIDRBench/results/nature_mainline/commitment_validation_v1/inputs/confirmation/resource_gpu_h/1011217/H8P16/hourly_seed_1011217,7c68b53b5167d631042ac54c91c9717ad24cc362d7c292c347e7bc14bfbbbca8
confirmation,resource_gpu_h,1011218,H8P16,0.5,repeated,2.949121593122471,193.4389798490304,8,False,False,False,0.0,0.0,True,True,False,False,False,False,True,True,1,1.0278883418808542,32.0,94.37189097991907,90.65895859664226,3.712932383276808,1.940243805620412e-07,19221.72031053767,267.9914794017181,0.0,0.0,337.09091500004195,3,3,3,/home/user/projects/AIDRBench/results/nature_mainline/commitment_validation_v1/runs/confirmation/resource_gpu_h/H8P16/repeated_f0.5_1011218.parquet,d0fe5db1cbeb081881ca8d4861b8a17d4cde746e056e6181e71ee2b7781ee173,/home/user/projects/AIDRBench/results/nature_mainline/commitment_validation_v1/inputs/confirmation/resource_gpu_h/1011218/H8P16/hourly_seed_1011218,f6fccb2f778290990a0786bb4cccd5b99a08cb77745821f7004971c8c3216836
confirmation,resource_gpu_h,1011219,H8P16,0.5,repeated,2.949121593122471,193.4389798490304,3,False,False,False,0.0,0.0,True,True,False,False,False,False,True,True,1,0.3679201554451632,32.0,94.37189097991907,91.19612872083434,3.1757622590847348,-6.252776074688882e-13,16018.320415211145,270.1171163002427,0.0,0.0,272.5633760977095,1,1,2,/home/user/projects/AIDRBench/results/nature_mainline/commitment_validation_v1/runs/confirmation/resource_gpu_h/H8P16/repeated_f0.5_1011219.parquet,fd0aace59ef665a58766bf10f6dc06f1283a8709024cf5c89ed4536ca6873d03,/home/user/projects/AIDRBench/results/nature_mainline/commitment_validation_v1/inputs/confirmation/resource_gpu_h/1011219/H8P16/hourly_seed_1011219,4fb4c33c092e3549bf4dda0b01003323d6f854e7d5ba4abfe3ec71736ed44c16
confirmation,resource_gpu_h,1011220,H8P16,0.5,repeated,2.949121593122471,193.4389798490304,17,True,True,True,0.0,0.0,False,False,False,False,False,False,True,True,0,0.0,32.0,94.37189097991907,91.73676818194775,2.63512279797132,4.547473508864641e-13,16698.75985265162,271.0139017131364,0.0,0.0,286.9255603105531,3,3,6,/home/user/projects/AIDRBench/results/nature_mainline/commitment_validation_v1/runs/confirmation/resource_gpu_h/H8P16/repeated_f0.5_1011220.parquet,755a8f1da5f2e02afd2bfd42cf161d595e8f96a464a9d5b0e6401a62d0e06994,/home/user/projects/AIDRBench/results/nature_mainline/commitment_validation_v1/inputs/confirmation/resource_gpu_h/1011220/H8P16/hourly_seed_1011220,a7286ae73a7f223d96ba50f5d87a6c0fea4c0160a1a14bcf59a3df0f2d18d88c
confirmation,resource_gpu_h,1011221,H8P16,0.5,repeated,2.949121593122471,193.4389798490304,19,False,False,False,0.0,0.0,True,True,False,False,False,False,True,True,2,0.3511226854235341,32.0,94.37189097991907,90.9416565845998,3.4302343953192747,8.782797067397041e-08,16480.02671034416,267.9065877331286,0.0,0.0,282.27256431313083,0,0,5,/home/user/projects/AIDRBench/results/nature_mainline/commitment_validation_v1/runs/confirmation/resource_gpu_h/H8P16/repeated_f0.5_1011221.parquet,467af3e084dcdc793d8dbd62901c1ecade73cef93c04ce1ad350a680679f2004,/home/user/projects/AIDRBench/results/nature_mainline/commitment_validation_v1/inputs/confirmation/resource_gpu_h/1011221/H8P16/hourly_seed_1011221,a62ea49587c6e33c8417b5c1f9b223f7a900b6d66284f8681172f2e178f93aef
confirmation,resource_gpu_h,1011222,H8P16,0.5,repeated,2.949121593122471,193.4389798490304,2,False,False,False,0.0,0.0,True,True,False,False,False,False,True,True,1,0.35112268542359093,32.0,94.37189097991907,90.90924715305732,3.4626438268617505,4.603275556291919e-07,16567.22952268528,269.6543307585231,0.0,0.0,292.99493335766147,0,0,5,/home/user/projects/AIDRBench/results/nature_mainline/commitment_validation_v1/runs/confirmation/resource_gpu_h/H8P16/repeated_f0.5_1011222.parquet,82fb2f24e1a3e45900514595ecf874b2758391d09bc52a7686d31266cf2d6240,/home/user/projects/AIDRBench/results/nature_mainline/commitment_validation_v1/inputs/confirmation/resource_gpu_h/1011222/H8P16/hourly_seed_1011222,2c88b4d41dbee6236add73331f71cdee9f3accd31c219ac63094032ec63d39e4
confirmation,resource_gpu_h,1011223,H8P16,0.5,repeated,2.949121593122471,193.4389798490304,13,True,True,True,0.0,0.0,False,False,False,False,False,False,True,True,0,0.0,32.0,94.37189097991907,91.16664349228245,3.205247487636626,5.684341886080802e-14,17237.67889247591,269.2661180978546,0.0,0.0,303.4731017266979,1,1,1,/home/user/projects/AIDRBench/results/nature_mainline/commitment_validation_v1/runs/confirmation/resource_gpu_h/H8P16/repeated_f0.5_1011223.parquet,d293d1a4c728d69c93056ebf6128328379ab1b442be44e0ddb0bddce64440835,/home/user/projects/AIDRBench/results/nature_mainline/commitment_validation_v1/inputs/confirmation/resource_gpu_h/1011223/H8P16/hourly_seed_1011223,d7c1d07bc36891928789f017d26571e61ea56dbd56425879847cc1c38e1e2340
confirmation,resource_gpu_h,1011224,H8P16,0.5,repeated,2.949121593122471,193.4389798490304,15,False,False,False,0.0,0.0,True,True,False,False,False,False,True,True,1,1.0307657286671068,32.0,94.37189097991907,90.16635545738671,4.205535522532358,-6.821210263296962e-13,16313.49634621085,265.3685776977205,0.0,0.0,291.2027673439265,1,1,4,/home/user/projects/AIDRBench/results/nature_mainline/commitment_validation_v1/runs/confirmation/resource_gpu_h/H8P16/repeated_f0.5_1011224.parquet,5d40b543fbe27f3142da85f02cf8296100170a449e870a5b70b53cc55006d2d8,/home/user/projects/AIDRBench/results/nature_mainline/commitment_validation_v1/inputs/confirmation/resource_gpu_h/1011224/H8P16/hourly_seed_1011224,d544e981cc239aeb740602db596ed6524bf3ece469336bc6c57664f3d5dc4a1d
confirmation,resource_gpu_h,1011225,H8P16,0.5,repeated,2.949121593122471,193.4389798490304,7,False,False,False,0.0,0.0,False,True,False,False,False,False,True,True,1,0.009277122818887484,32.0,94.37189097991907,91.39507931725154,2.9768116626675294,2.6551257320753052,18792.575639849547,270.088916228885,0.0,0.0,335.6716372016125,3,3,0,/home/user/projects/AIDRBench/results/nature_mainline/commitment_validation_v1/runs/confirmation/resource_gpu_h/H8P16/repeated_f0.5_1011225.parquet,52877564d3eb38898f97a30e1fbd17aea84b96bf9e5fb29aa07095fa05d31ec0,/home/user/projects/AIDRBench/results/nature_mainline/commitment_validation_v1/inputs/confirmation/resource_gpu_h/1011225/H8P16/hourly_seed_1011225,10c7f3a5c90936f5a276779f94ef06caba14b7dd11b37d9e3be818b0c3e19f99
confirmation,resource_gpu_h,1011226,H8P16,0.5,repeated,2.949121593122471,193.4389798490304,17,False,False,False,2.0095036745715333e-14,3.1948000524196393e-18,True,True,False,False,False,False,True,True,1,0.8002572911964743,32.0,94.37189097991907,90.6727710260484,3.699119953870678,-4.547473508864641e-13,16159.809363835258,267.7713576706194,2.0095036745715333e-14,0.0,282.8434463255238,0,0,3,/home/user/projects/AIDRBench/results/nature_mainline/commitment_validation_v1/runs/confirmation/resource_gpu_h/H8P16/repeated_f0.5_1011226.parquet,eb6b9ec619bdf74da4a54c17237abacaa0eb114728943e4bde33f5cf96f38a24,/home/user/projects/AIDRBench/results/nature_mainline/commitment_validation_v1/inputs/confirmation/resource_gpu_h/1011226/H8P16/hourly_seed_1011226,63fb6106b4e6024c589ce8b96ab3fb6d8435d92b5246cc331bfb9ccabad07c91
confirmation,resource_gpu_h,1011227,H8P16,0.5,repeated,2.949121593122471,193.4389798490304,23,True,True,True,2.4424906541753444e-15,3.883182384156468e-19,False,False,False,False,False,False,True,True,0,0.0,32.0,94.37189097991907,92.16953141148645,2.2023595684326267,1.3274717503009015e-07,15421.325162862679,272.78816599246477,2.4424906541753444e-15,0.0,295.0185964770246,5,5,3,/home/user/projects/AIDRBench/results/nature_mainline/commitment_validation_v1/runs/confirmation/resource_gpu_h/H8P16/repeated_f0.5_1011227.parquet,0c9df758066b64d897f2f9b5cf319299ac94fbf90cd8968a8d44d2550b514ccb,/home/user/projects/AIDRBench/results/nature_mainline/commitment_validation_v1/inputs/confirmation/resource_gpu_h/1011227/H8P16/hourly_seed_1011227,fa91b1c834c69b21b57f9ecb9f7cca159e410eeeba41839af1d45b9bbbf51569
confirmation,resource_gpu_h,1011228,H8P16,0.5,repeated,2.949121593122471,193.4389798490304,21,False,False,False,0.0,0.0,True,True,False,False,False,False,True,True,1,0.3511226854235625,32.0,94.37189097991907,91.33147891511447,3.040412064804599,-1.7053025658242404e-13,14780.064280775427,269.3333223020385,0.0,0.0,261.41948608940953,0,0,5,/home/user/projects/AIDRBench/results/nature_mainline/commitment_validation_v1/runs/confirmation/resource_gpu_h/H8P16/repeated_f0.5_1011228.parquet,4633f5f7c00dcf796304fa296e544b874e3169b671e50b27005f499e85c9ca8c,/home/user/projects/AIDRBench/results/nature_mainline/commitment_validation_v1/inputs/confirmation/resource_gpu_h/1011228/H8P16/hourly_seed_1011228,194a677f68422e2c0f58f7ca3762ae53d622fcc5ec6e40e04a7c4fa35fec3e76
confirmation,resource_gpu_h,1011229,H8P16,0.5,repeated,2.949121593122471,193.4389798490304,11,False,False,False,0.0,0.0,True,True,False,False,False,False,True,True,1,0.15578354648461445,32.0,94.37189097991907,91.15386566586307,3.218025314056007,-5.115907697472721e-13,18628.998265943002,269.8090369772697,0.0,0.0,312.360820844623,0,0,5,/home/user/projects/AIDRBench/results/nature_mainline/commitment_validation_v1/runs/confirmation/resource_gpu_h/H8P16/repeated_f0.5_1011229.parquet,e895549262f1af430710d36ee0214badd854d7624702c2fbaf61146f7fb4bedc,/home/user/projects/AIDRBench/results/nature_mainline/commitment_validation_v1/inputs/confirmation/resource_gpu_h/1011229/H8P16/hourly_seed_1011229,bb32537135ed7d692d3b8a40b5cdde224cc44e02f304197999622d6d1975e238
confirmation,resource_gpu_h,1011230,H8P16,0.5,repeated,2.949121593122471,193.4389798490304,5,True,True,True,0.0,0.0,False,False,False,False,False,False,True,True,0,0.0,32.0,94.37189097991907,91.2794725326716,3.092418447247468,2.0792089117094292e-07,14450.356003678366,270.0365046140005,0.0,0.0,270.913301643268,1,1,7,/home/user/projects/AIDRBench/results/nature_mainline/commitment_validation_v1/runs/confirmation/resource_gpu_h/H8P16/repeated_f0.5_1011230.parquet,f97449eede4b1b29dadc19b7234d9cffda1b924546149edee0b66bff06050af0,/home/user/projects/AIDRBench/results/nature_mainline/commitment_validation_v1/inputs/confirmation/resource_gpu_h/1011230/H8P16/hourly_seed_1011230,008b5440fb804421bf790c2df6ba94ab3010fb1f76c12e109d4492f295b719f5
confirmation,resource_gpu_h,1011231,H8P16,0.5,repeated,2.949121593122471,193.4389798490304,13,True,True,True,0.0,0.0,False,False,False,False,False,False,True,True,0,0.0,32.0,94.37189097991907,90.9912746698202,3.3806163100988726,-5.684341886080802e-14,15641.08455063498,268.57245380251504,0.0,0.0,276.59751385802474,1,1,7,/home/user/projects/AIDRBench/results/nature_mainline/commitment_validation_v1/runs/confirmation/resource_gpu_h/H8P16/repeated_f0.5_1011231.parquet,8e846da4860f7e2e55d8661f15ef91f8786e99c0873701e071d2ca4e18e533de,/home/user/projects/AIDRBench/results/nature_mainline/commitment_validation_v1/inputs/confirmation/resource_gpu_h/1011231/H8P16/hourly_seed_1011231,33fc555077e2aaab6d6cef8f65f200cd12273fa3d263cc73e756ee92615e88fa
confirmation,resource_gpu_h,1011232,H8P16,0.5,repeated,2.949121593122471,193.4389798490304,18,False,False,False,2.220446049250313e-16,3.530165803778606e-20,True,True,False,False,False,False,True,True,1,0.3679201554451632,32.0,94.37189097991907,91.03236150852558,3.33952947139349,7.179289696068736e-08,16288.183903829295,268.23579070200003,2.220446049250313e-16,0.0,277.62719201436767,0,0,2,/home/user/projects/AIDRBench/results/nature_mainline/commitment_validation_v1/runs/confirmation/resource_gpu_h/H8P16/repeated_f0.5_1011232.parquet,648f95ab0fb1e8ba7ce3c07cb42afe68e99d3b7777a01af1811b0516f6476d9c,/home/user/projects/AIDRBench/results/nature_mainline/commitment_validation_v1/inputs/confirmation/resource_gpu_h/1011232/H8P16/hourly_seed_1011232,3aab5a9159e2fc211fe532f815b452cebdd8ef9c6d54028f9e14fe33cfccaba0
confirmation,resource_gpu_h,1011233,H8P16,0.5,repeated,2.949121593122471,193.4389798490304,11,False,False,False,0.0,0.0,True,True,False,False,False,False,True,True,1,0.15578354648464288,32.0,94.37189097991907,91.16906476440369,3.202826215515387,5.684341886080801e-13,18469.04969736046,269.8806985687995,0.0,0.0,307.6248950509751,0,0,5,/home/user/projects/AIDRBench/results/nature_mainline/commitment_validation_v1/runs/confirmation/resource_gpu_h/H8P16/repeated_f0.5_1011233.parquet,2cd689b99e05daf15c0c3e62dc69ceb384aa47e88fab8bfdb5b0e6095abb0380,/home/user/projects/AIDRBench/results/nature_mainline/commitment_validation_v1/inputs/confirmation/resource_gpu_h/1011233/H8P16/hourly_seed_1011233,3dd3be72c41a6d6528ac22d2657fbbc421c8a0f755e84b69b6cddaf12ca00233
confirmation,resource_gpu_h,1011234,H8P16,0.5,repeated,2.949121593122471,193.4389798490304,18,False,False,False,0.0,0.0,True,True,False,False,False,False,True,True,1,0.8002572911964743,32.0,94.37189097991907,90.7550073001147,3.616883679804374,-2.2737367544323206e-13,16691.32653334716,268.35262227837916,0.0,0.0,287.60306789104936,1,1,3,/home/user/projects/AIDRBench/results/nature_mainline/commitment_validation_v1/runs/confirmation/resource_gpu_h/H8P16/repeated_f0.5_1011234.parquet,5f099fa402885666d4c509fee7c97308fcc1285147dcd666b27d75f98186198d,/home/user/projects/AIDRBench/results/nature_mainline/commitment_validation_v1/inputs/confirmation/resource_gpu_h/1011234/H8P16/hourly_seed_1011234,265909e046f3f14a3493504f2729f02ba6493ca89ffb9ab8969645f6cf86c5cb
confirmation,resource_gpu_h,1011235,H8P16,0.5,repeated,2.949121593122471,193.4389798490304,22,True,True,True,0.0,0.0,False,False,False,False,False,False,True,True,0,0.0,32.0,94.37189097991907,91.26221677582618,3.1096742040928973,1.9617823454609606e-07,14376.11412722783,268.9329011424662,0.0,0.0,270.5549066276413,2,2,6,/home/user/projects/AIDRBench/results/nature_mainline/commitment_validation_v1/runs/confirmation/resource_gpu_h/H8P16/repeated_f0.5_1011235.parquet,74d9468dc883a758e30d18b2aea2f4fe04adbddc06cbd74b9b3f8c1a00e3e9fd,/home/user/projects/AIDRBench/results/nature_mainline/commitment_validation_v1/inputs/confirmation/resource_gpu_h/1011235/H8P16/hourly_seed_1011235,3d0ee693b13274abba5e86822610c9cfe6668df000201fc0ba7a012f48a4a052
confirmation,resource_gpu_h,1011236,H8P16,0.5,repeated,2.949121593122471,193.4389798490304,20,False,False,False,1.609823385706477e-14,2.55937020773949e-18,True,True,False,False,False,False,True,True,1,0.8119798030090957,32.0,94.37189097991907,90.83886538892375,3.5330255909953223,3.979039320256561e-13,15203.118980711617,268.0725110537478,1.609823385706477e-14,0.0,268.792678019446,0,0,1,/home/user/projects/AIDRBench/results/nature_mainline/commitment_validation_v1/runs/confirmation/resource_gpu_h/H8P16/repeated_f0.5_1011236.parquet,672bc35de685d00ad662ab1325655b4f057e338b43bf0e06421cb31bb407bfec,/home/user/projects/AIDRBench/results/nature_mainline/commitment_validation_v1/inputs/confirmation/resource_gpu_h/1011236/H8P16/hourly_seed_1011236,07e279932faceee20a2d60ad24565825b23fcd1afd411897cc428848827dfb7c
confirmation,resource_gpu_h,1011237,H8P16,0.5,repeated,2.949121593122471,193.4389798490304,8,True,True,True,0.0,0.0,False,False,False,False,False,False,True,True,0,0.0,32.0,94.37189097991907,90.92121566364608,3.450675316272992,4.6352050731002237e-07,18431.816915618187,268.64645975663757,0.0,0.0,331.8720506303993,4,4,6,/home/user/projects/AIDRBench/results/nature_mainline/commitment_validation_v1/runs/confirmation/resource_gpu_h/H8P16/repeated_f0.5_1011237.parquet,6400f7b48034489a165e3538436f777b44f9fa7eff1fdf685c8446e240a3b57b,/home/user/projects/AIDRBench/results/nature_mainline/commitment_validation_v1/inputs/confirmation/resource_gpu_h/1011237/H8P16/hourly_seed_1011237,bdb50bfc94f0fddb754c7e9f23ad63c858786349b954da28592ef4ce0bcd73c3
confirmation,resource_gpu_h,1011238,H8P16,0.5,repeated,2.949121593122471,193.4389798490304,18,False,False,False,4.884981308350689e-15,7.766364768312934e-19,True,True,False,False,False,False,True,True,1,0.3377992193021422,32.0,94.37189097991907,90.8892669289703,3.482624050948772,3.587187664985322,16933.514067060503,268.49137097914354,4.884981308350689e-15,0.0,296.24770691092533,0,0,0,/home/user/projects/AIDRBench/results/nature_mainline/commitment_validation_v1/runs/confirmation/resource_gpu_h/H8P16/repeated_f0.5_1011238.parquet,61b4123a6ece43c5a48b0127653aa130161f69a4b051c7a72d93a65717397a5c,/home/user/projects/AIDRBench/results/nature_mainline/commitment_validation_v1/inputs/confirmation/resource_gpu_h/1011238/H8P16/hourly_seed_1011238,a5f34a1f25de2ab04b19b9954cf72734b917bc0734f001acfe33980f764f8103
confirmation,resource_gpu_h,1011239,H8P16,0.5,repeated,2.949121593122471,193.4389798490304,18,True,True,True,2.7755575615628914e-16,4.412707254723259e-20,False,False,False,False,False,False,True,True,0,0.0,32.0,94.37189097991907,91.57140301938517,2.8004879605339,7.957260095281526e-08,16494.207567871374,270.43705628483735,2.7755575615628914e-16,0.0,280.24087921326947,0,0,7,/home/user/projects/AIDRBench/results/nature_mainline/commitment_validation_v1/runs/confirmation/resource_gpu_h/H8P16/repeated_f0.5_1011239.parquet,9e30b9647150e20c2aace5ff1edbbf418210abf8622ee581270e4f30805c7dd0,/home/user/projects/AIDRBench/results/nature_mainline/commitment_validation_v1/inputs/confirmation/resource_gpu_h/1011239/H8P16/hourly_seed_1011239,871651e60dc90bac278ef9a0ad773b0c33fb639ab4df42cc0ee8d4cd06983307
confirmation,resource_gpu_h,1011240,H8P16,0.5,repeated,2.949121593122471,193.4389798490304,21,False,False,False,0.0,0.0,True,True,False,False,False,False,True,True,1,0.3511226854235341,32.0,94.37189097991907,91.28589296379346,3.0859980161256146,-3.410605131648481e-13,15506.393358019244,269.536463156874,0.0,0.0,284.12932428607667,1,1,5,/home/user/projects/AIDRBench/results/nature_mainline/commitment_validation_v1/runs/confirmation/resource_gpu_h/H8P16/repeated_f0.5_1011240.parquet,3ac39319df4beabea1fbf96cdbe9267e746a16d98d4ad0e7e9a8b9f3fb6276da,/home/user/projects/AIDRBench/results/nature_mainline/commitment_validation_v1/inputs/confirmation/resource_gpu_h/1011240/H8P16/hourly_seed_1011240,f93b80419eb3871d2d8cc6bba2a55438510cb3db6520e6805ae9e34aacbde192
confirmation,resource_gpu_h,1011241,H8P16,0.5,repeated,2.949121593122471,193.4389798490304,2,False,False,False,4.440892098500626e-15,7.060331607557215e-19,True,True,False,False,False,False,True,True,1,0.3511226854235341,32.0,94.37189097991907,91.15104042352755,3.2208505563915253,4.6032721456867876e-07,15781.550470647675,269.65152707524214,4.440892098500626e-15,0.0,286.52047017192143,0,0,5,/home/user/projects/AIDRBench/results/nature_mainline/commitment_validation_v1/runs/confirmation/resource_gpu_h/H8P16/repeated_f0.5_1011241.parquet,090fc529baba6a2d5334c3b2283c1ab006d817451a64e8d48bf9cb3dc3212f9e,/home/user/projects/AIDRBench/results/nature_mainline/commitment_validation_v1/inputs/confirmation/resource_gpu_h/1011241/H8P16/hourly_seed_1011241,5350567e1be59556ed9f586605f205594f29347b527b9e9b16a73a9db37aa27d
confirmation,resource_gpu_h,1011242,H8P16,0.5,repeated,2.949121593122471,193.4389798490304,0,False,False,False,0.0,0.0,True,True,False,False,False,False,True,True,1,0.3679201554451632,32.0,94.37189097991907,91.34468955770768,3.027201422211391,2.8421709430404007e-13,16541.99472584405,270.327196195567,0.0,0.0,283.3799469546912,4,4,2,/home/user/projects/AIDRBench/results/nature_mainline/commitment_validation_v1/runs/confirmation/resource_gpu_h/H8P16/repeated_f0.5_1011242.parquet,7512e06225044606d9eff376dfa3351b1109ed7665b92c31cf968ae4d8ba32bb,/home/user/projects/AIDRBench/results/nature_mainline/commitment_validation_v1/inputs/confirmation/resource_gpu_h/1011242/H8P16/hourly_seed_1011242,66083f66f94be01c722e63d0c32ae681774fa159dca22137880dfe50d744b6c4
confirmation,resource_gpu_h,1011243,H8P16,0.5,repeated,2.949121593122471,193.4389798490304,4,False,False,False,0.0,0.0,True,True,False,False,False,False,True,True,1,0.3511226854235625,32.0,94.37189097991907,90.89475520882257,3.477135771096499,1.9024372477360885e-07,16154.544688794602,268.5394379639845,0.0,0.0,287.3915650319481,1,1,5,/home/user/projects/AIDRBench/results/nature_mainline/commitment_validation_v1/runs/confirmation/resource_gpu_h/H8P16/repeated_f0.5_1011243.parquet,b8a16acbd7262438c19e1bfd4dba328072ab974cfe694471080d815d90c02cd7,/home/user/projects/AIDRBench/results/nature_mainline/commitment_validation_v1/inputs/confirmation/resource_gpu_h/1011243/H8P16/hourly_seed_1011243,d16c11cdb9c13b094cce6c0707306be9a772f24d265e914947425c4626b47b6f
confirmation,resource_gpu_h,1011244,H8P16,0.5,repeated,2.949121593122471,193.4389798490304,14,False,False,False,1.6653345369377348e-15,2.6476243528339554e-19,True,True,False,False,False,False,True,True,1,0.8119798030090672,32.0,94.37189097991907,90.4176319426453,3.954259037273772,6.821210263296962e-13,17564.659016083468,266.6968763006909,1.6653345369377348e-15,0.0,303.94006254924227,1,1,1,/home/user/projects/AIDRBench/results/nature_mainline/commitment_validation_v1/runs/confirmation/resource_gpu_h/H8P16/repeated_f0.5_1011244.parquet,d1c9eb25e3045717e08e391ad3fe2eecda01ebcfd7ef5d639d8f37e7b1ad09ed,/home/user/projects/AIDRBench/results/nature_mainline/commitment_validation_v1/inputs/confirmation/resource_gpu_h/1011244/H8P16/hourly_seed_1011244,04ac35d8cfd0eabdceae8bcee8c828f98963ca56017807277a68692c7b3f16b8
confirmation,resource_gpu_h,1011245,H8P16,0.5,repeated,2.949121593122471,193.4389798490304,2,False,False,False,0.0,0.0,True,True,False,False,False,False,True,True,1,0.3511226854235625,32.0,94.37189097991907,91.04484359413613,3.3270473857829472,4.603278966897051e-07,17027.55816526501,269.97472157902644,0.0,0.0,300.69519763273547,1,1,5,/home/user/projects/AIDRBench/results/nature_mainline/commitment_validation_v1/runs/confirmation/resource_gpu_h/H8P16/repeated_f0.5_1011245.parquet,3177a007e8c7c33c31015efda9884d4b63d68fffc896b25717a9d143bd052d28,/home/user/projects/AIDRBench/results/nature_mainline/commitment_validation_v1/inputs/confirmation/resource_gpu_h/1011245/H8P16/hourly_seed_1011245,4af83a73ae1156d99f0dec4d72a79f3b251d7c2afe5a22395d939097a95106ad
confirmation,resource_gpu_h,1011246,H8P16,0.5,repeated,2.949121593122471,193.4389798490304,10,True,True,True,0.0,0.0,False,False,False,False,False,False,True,True,0,0.0,32.0,94.37189097991907,91.18286488939873,3.1890260905203434,2.314209268661216e-09,17031.74221768314,269.1642067376064,0.0,0.0,313.50133802670985,2,2,4,/home/user/projects/AIDRBench/results/nature_mainline/commitment_validation_v1/runs/confirmation/resource_gpu_h/H8P16/repeated_f0.5_1011246.parquet,3cd3608ead27aa98df2595287cacc5ce235537aaeb7efc54b2bb9980b3e2fdd6,/home/user/projects/AIDRBench/results/nature_mainline/commitment_validation_v1/inputs/confirmation/resource_gpu_h/1011246/H8P16/hourly_seed_1011246,4bc333a62551faf562b101a4427149ad0593ccaea0696ea33618844c841ea97e
confirmation,resource_gpu_h,1011247,H8P16,0.5,repeated,2.949121593122471,193.4389798490304,1,False,False,False,2.275957200481571e-15,3.6184199488730723e-19,True,True,False,False,False,False,True,True,1,0.3511226854235625,32.0,94.37189097991907,91.0088583659583,3.363032613960769,5.936669822403928e-09,16422.884512965513,269.50660938969463,2.275957200481571e-15,0.0,291.1032840905119,2,2,5,/home/user/projects/AIDRBench/results/nature_mainline/commitment_validation_v1/runs/confirmation/resource_gpu_h/H8P16/repeated_f0.5_1011247.parquet,9f448feb2c7648f8eba3b044d33f0e2189ade09ea0f971bc16576c385870988d,/home/user/projects/AIDRBench/results/nature_mainline/commitment_validation_v1/inputs/confirmation/resource_gpu_h/1011247/H8P16/hourly_seed_1011247,3e8f15a66af10c5b4adc3f8374cbf4e744b75dbb6d988b61272853e53a35f927
confirmation,resource_gpu_h,1011248,H8P16,0.5,repeated,2.949121593122471,193.4389798490304,5,False,False,False,0.0,0.0,True,True,False,False,False,False,True,True,1,0.3679201554451632,32.0,94.37189097991907,91.10853134348679,3.263359636432284,2.8421709430404007e-13,16030.42751690367,270.1992395897669,0.0,0.0,283.447608201534,2,2,2,/home/user/projects/AIDRBench/results/nature_mainline/commitment_validation_v1/runs/confirmation/resource_gpu_h/H8P16/repeated_f0.5_1011248.parquet,552f9bffc872aee68570fe9f4392dc1b5f04df31488524a7b857c1312e6b4db1,/home/user/projects/AIDRBench/results/nature_mainline/commitment_validation_v1/inputs/confirmation/resource_gpu_h/1011248/H8P16/hourly_seed_1011248,b65c8cc66b854025ca5498c387846815c75f8463b827d7f3ea94861afb247cc3
confirmation,resource_gpu_h,1011249,H8P16,0.5,repeated,2.949121593122471,193.4389798490304,23,True,True,True,2.6645352591003757e-15,4.236198964534329e-19,False,False,False,False,False,False,True,True,0,0.0,32.0,94.37189097991907,91.97099811834511,2.400892861573965,1.3274757293402217e-07,15246.022411202332,272.5760333001278,2.6645352591003757e-15,0.0,288.4734073645997,3,3,3,/home/user/projects/AIDRBench/results/nature_mainline/commitment_validation_v1/runs/confirmation/resource_gpu_h/H8P16/repeated_f0.5_1011249.parquet,fd38c52631a5fa1dc2996f74847924fd524c956761aac1b6c5a3266644af90b7,/home/user/projects/AIDRBench/results/nature_mainline/commitment_validation_v1/inputs/confirmation/resource_gpu_h/1011249/H8P16/hourly_seed_1011249,80438fb2093f3bb32d517e3e72ca4dbdf1609a9790dac38c9b9f6a1a9694d32a
confirmation,resource_gpu_h,1011250,H8P16,0.5,repeated,2.949121593122471,193.4389798490304,4,False,False,False,0.0,0.0,True,True,False,False,False,False,True,True,1,0.8119798030090957,32.0,94.37189097991907,90.75616120886849,3.6157297710505816,1.7053025658242404e-13,14823.562058188016,268.8409405720137,0.0,0.0,267.0546466110912,1,1,1,/home/user/projects/AIDRBench/results/nature_mainline/commitment_validation_v1/runs/confirmation/resource_gpu_h/H8P16/repeated_f0.5_1011250.parquet,cc9a99f0b3f063998e03399247fa75210264eca25278865e124fbf63d8b71787,/home/user/projects/AIDRBench/results/nature_mainline/commitment_validation_v1/inputs/confirmation/resource_gpu_h/1011250/H8P16/hourly_seed_1011250,21ec755d8b6b69acf1f212cf148e95a2d9f3ff036c3b3cadaf02b9229c1ee34b
confirmation,resource_gpu_h,1011251,H8P16,0.5,repeated,2.949121593122471,193.4389798490304,17,False,False,False,0.0,0.0,True,True,False,False,False,False,True,True,1,0.8119798030090957,32.0,94.37189097991907,90.65222315195967,3.719667827959398,0.8391803917824063,17471.260894157844,267.78590364592515,0.0,0.0,292.8116659111106,7,7,1,/home/user/projects/AIDRBench/results/nature_mainline/commitment_validation_v1/runs/confirmation/resource_gpu_h/H8P16/repeated_f0.5_1011251.parquet,42578e371a6195c725f0ee6a8443db64a47ee8a1c716592dc1662b9b8035b43a,/home/user/projects/AIDRBench/results/nature_mainline/commitment_validation_v1/inputs/confirmation/resource_gpu_h/1011251/H8P16/hourly_seed_1011251,cd897622a5f06f15c96f6690c2b2f9b8948fc3568734cb4e3de585f9a0c4c408
confirmation,resource_gpu_h,1011252,H8P16,0.5,repeated,2.949121593122471,193.4389798490304,12,True,True,True,0.0,0.0,False,False,False,False,False,False,True,True,0,0.0,32.0,94.37189097991907,90.93602302208433,3.435867957834745,-1.7053025658242404e-13,16077.988098878182,268.13908833049766,0.0,0.0,287.01534960845964,0,0,7,/home/user/projects/AIDRBench/results/nature_mainline/commitment_validation_v1/runs/confirmation/resource_gpu_h/H8P16/repeated_f0.5_1011252.parquet,c5f3ffe92e0db80d2e78960e171d7c5480be0b945129ed6528bfa2e42eafb65a,/home/user/projects/AIDRBench/results/nature_mainline/commitment_validation_v1/inputs/confirmation/resource_gpu_h/1011252/H8P16/hourly_seed_1011252,38c75b35ee7dd3dd6779d27fae9b5904896d342ff5e4084835a047a22d73b29e
confirmation,resource_gpu_h,1011253,H8P16,0.5,repeated,2.949121593122471,193.4389798490304,17,True,True,True,0.0,0.0,False,False,False,False,False,False,True,True,0,0.0,32.0,94.37189097991907,91.78613086807525,2.5857601118438254,1.7053025658242404e-13,17198.024065856,270.9000284400022,0.0,0.0,294.25760813941827,5,5,6,/home/user/projects/AIDRBench/results/nature_mainline/commitment_validation_v1/runs/confirmation/resource_gpu_h/H8P16/repeated_f0.5_1011253.parquet,ab143ef04924c5b9515d3e0ea7af925936ad6d7cdf8fa9c8d0059f689ef9b028,/home/user/projects/AIDRBench/results/nature_mainline/commitment_validation_v1/inputs/confirmation/resource_gpu_h/1011253/H8P16/hourly_seed_1011253,8a43aba0b0ba5b65c1d19ca11c5fb3f862ccda35f8412839ec5dd1a7c814cb49
confirmation,resource_gpu_h,1011254,H8P16,0.5,repeated,2.949121593122471,193.4389798490304,13,False,False,False,5.218048215738236e-15,8.295889638879727e-19,False,True,False,False,False,False,True,True,1,0.1663450929906256,32.0,94.37189097991907,91.42801598233444,2.9438749975846292,1.5668774722144008e-08,18583.957677741786,269.4011126424433,5.218048215738236e-15,0.0,311.25053574153134,2,2,5,/home/user/projects/AIDRBench/results/nature_mainline/commitment_validation_v1/runs/confirmation/resource_gpu_h/H8P16/repeated_f0.5_1011254.parquet,02d71557c130717ecc83f7cf915800ef8124feb62abb661ac60b01f70f4ab233,/home/user/projects/AIDRBench/results/nature_mainline/commitment_validation_v1/inputs/confirmation/resource_gpu_h/1011254/H8P16/hourly_seed_1011254,0966ef5046942a42a88feda220e104e71c109bd97306a7386ccef07c417be9c8
confirmation,resource_gpu_h,1011255,H8P16,0.5,repeated,2.949121593122471,193.4389798490304,3,True,True,True,0.0,0.0,False,False,False,False,False,False,True,True,0,0.0,32.0,94.37189097991907,91.61868219879199,2.7532087811270856,-2.8421709430404007e-13,15784.781914805473,270.0576985726801,0.0,0.0,281.06259403557124,0,0,0,/home/user/projects/AIDRBench/results/nature_mainline/commitment_validation_v1/runs/confirmation/resource_gpu_h/H8P16/repeated_f0.5_1011255.parquet,6fcef3f4d0879e4764872e8392b5e3d11cccd616a4880cc1a488f681f1564330,/home/user/projects/AIDRBench/results/nature_mainline/commitment_validation_v1/inputs/confirmation/resource_gpu_h/1011255/H8P16/hourly_seed_1011255,bc12c10f35c3750214ca71e16a4d35ea3c6f7f4359f88efcc00c1dcb585e067c
confirmation,resource_gpu_h,1011256,H8P16,0.5,repeated,2.949121593122471,193.4389798490304,21,True,True,True,0.0,0.0,False,False,False,False,False,False,True,True,0,0.0,32.0,94.37189097991907,91.67006160221274,2.701829377706332,1.0990487453454989e-07,15851.395130096711,271.3065763506253,0.0,0.0,283.59451721582457,2,2,0,/home/user/projects/AIDRBench/results/nature_mainline/commitment_validation_v1/runs/confirmation/resource_gpu_h/H8P16/repeated_f0.5_1011256.parquet,7b59287ad514ffec5203ac347568a7d1d32c3a08e88caaa5fef618621ea771cc,/home/user/projects/AIDRBench/results/nature_mainline/commitment_validation_v1/inputs/confirmation/resource_gpu_h/1011256/H8P16/hourly_seed_1011256,00ec23208d5a8c0dc6f3ad08ec622056c7d7a469d8784f6e145427167126f7f9
confirmation,resource_gpu_h,1011257,H8P16,0.5,repeated,2.949121593122471,193.4389798490304,0,False,False,False,0.0,0.0,True,True,False,False,False,False,True,True,1,0.8119798030091241,32.0,94.37189097991907,90.64536728961247,3.726523690306607,3.410605131648481e-13,16964.572067164412,268.504172765199,0.0,0.0,289.2253427809307,6,6,1,/home/user/projects/AIDRBench/results/nature_mainline/commitment_validation_v1/runs/confirmation/resource_gpu_h/H8P16/repeated_f0.5_1011257.parquet,b82bd3d8277120becfe48ba423cfa168e0b15d0e1c928e6943921d753ad420d1,/home/user/projects/AIDRBench/results/nature_mainline/commitment_validation_v1/inputs/confirmation/resource_gpu_h/1011257/H8P16/hourly_seed_1011257,8392ab9cb1fc27267e96b015e4a397c9cd35f43f80af072e6aefce1c43537ff9
confirmation,resource_gpu_h,1011258,H8P16,0.5,repeated,2.949121593122471,193.4389798490304,8,True,True,True,0.0,0.0,False,False,False,False,False,False,True,True,0,0.0,32.0,94.37189097991907,91.05082338361387,3.3210675963051983,4.635200525626715e-07,18691.113755809063,268.64645975663746,0.0,0.0,338.19555948907987,4,4,6,/home/user/projects/AIDRBench/results/nature_mainline/commitment_validation_v1/runs/confirmation/resource_gpu_h/H8P16/repeated_f0.5_1011258.parquet,53a0a5f37e63c87605a911f4b2e7bf1346a6b38e31c8016c806e6a80fdc36f95,/home/user/projects/AIDRBench/results/nature_mainline/commitment_validation_v1/inputs/confirmation/resource_gpu_h/1011258/H8P16/hourly_seed_1011258,ff0913f39586335623c015b37e5ccc2e345847395bb6b079626efb7c062229ff
confirmation,resource_gpu_h,1011259,H8P16,0.5,repeated,2.949121593122471,193.4389798490304,13,False,False,False,1.5368087426135468,0.00024432882176777246,True,True,False,False,False,False,True,True,4,0.9440168852795106,32.0,94.37189097991907,89.30944400818765,5.062446971731418,-0.5275923710476036,13333.93491749206,263.7631336847273,1.5368087426135468,0.0,259.5604439496184,0,0,0,/home/user/projects/AIDRBench/results/nature_mainline/commitment_validation_v1/runs/confirmation/resource_gpu_h/H8P16/repeated_f0.5_1011259.parquet,950621fe0dcc481986cfbe5dbec85d75d4485ae6eb2c1b262f08c915d0ea21e2,/home/user/projects/AIDRBench/results/nature_mainline/commitment_validation_v1/inputs/confirmation/resource_gpu_h/1011259/H8P16/hourly_seed_1011259,38ba90d1deae73a6a338ce21d8a884aef8329291dfa1cbb61c89b67edb89a62b
confirmation,resource_gpu_h,1011260,H8P16,0.5,repeated,2.949121593122471,193.4389798490304,6,True,True,True,0.0,0.0,False,False,False,False,False,False,True,True,0,0.0,32.0,94.37189097991907,90.94126934338709,3.4306216365319813,4.6352113258762984e-07,16657.60716318876,269.3903200524014,0.0,0.0,302.1824320503561,2,2,6,/home/user/projects/AIDRBench/results/nature_mainline/commitment_validation_v1/runs/confirmation/resource_gpu_h/H8P16/repeated_f0.5_1011260.parquet,283752d9718a4839bbb35d2e228ddb4a67482c8a17ea88c8a875efeddca6bfde,/home/user/projects/AIDRBench/results/nature_mainline/commitment_validation_v1/inputs/confirmation/resource_gpu_h/1011260/H8P16/hourly_seed_1011260,2dfa3ef7cca886770eed5da7a2f4dcb83d6bc9d62df6143532311803e0c9316e
confirmation,resource_gpu_h,1011261,H8P16,0.5,repeated,2.949121593122471,193.4389798490304,18,False,False,False,0.0,0.0,True,True,False,False,False,False,True,True,1,0.3377992193021422,32.0,94.37189097991907,91.02368804568721,3.348202934231864,3.5852897123883736,17127.571962703332,268.4358539016976,0.0,0.0,297.0762731045059,1,1,0,/home/user/projects/AIDRBench/results/nature_mainline/commitment_validation_v1/runs/confirmation/resource_gpu_h/H8P16/repeated_f0.5_1011261.parquet,3b20499d7588b3dbe34c3e23f58d9fbafc4bc57b7364fc62ac71f345ccb4ef41,/home/user/projects/AIDRBench/results/nature_mainline/commitment_validation_v1/inputs/confirmation/resource_gpu_h/1011261/H8P16/hourly_seed_1011261,8c0bc255d0b08c76986a544d2657a8c462ec9cb7874da70ef6381d4ce8313f79
confirmation,resource_gpu_h,1011262,H8P16,0.5,repeated,2.949121593122471,193.4389798490304,2,False,False,False,0.0,0.0,True,True,False,False,False,False,True,True,1,0.8002572911965311,32.0,94.37189097991907,91.33975492138671,3.032136058532359,-2.8421709430404007e-13,16286.55374454587,270.4396815573574,0.0,0.0,285.5873090507927,1,1,3,/home/user/projects/AIDRBench/results/nature_mainline/commitment_validation_v1/runs/confirmation/resource_gpu_h/H8P16/repeated_f0.5_1011262.parquet,6d7368c9d47ec073defb39439a9e3b7d5cdea2cf4f394924465d950e8e3bace8,/home/user/projects/AIDRBench/results/nature_mainline/commitment_validation_v1/inputs/confirmation/resource_gpu_h/1011262/H8P16/hourly_seed_1011262,29dd552b5ec13c5690a4164e757032d2721582a79362e203da511970a3087558
confirmation,resource_gpu_h,1011263,H8P16,0.5,repeated,2.949121593122471,193.4389798490304,15,True,True,True,0.0,0.0,False,False,False,False,False,False,True,True,0,0.0,32.0,94.37189097991907,91.25138839619996,3.120502583719116,1.239325229107635e-07,17966.522280387122,269.29902353630973,0.0,0.0,300.45997761975707,6,6,7,/home/user/projects/AIDRBench/results/nature_mainline/commitment_validation_v1/runs/confirmation/resource_gpu_h/H8P16/repeated_f0.5_1011263.parquet,41cfe4c5efc77d6e3746a6255f877eb53ae955a705a9fd68a0a8e2b97541382f,/home/user/projects/AIDRBench/results/nature_mainline/commitment_validation_v1/inputs/confirmation/resource_gpu_h/1011263/H8P16/hourly_seed_1011263,613426d11ee481e7d3c2992df8aa7f9d05aed2874fc1e96ea69ef7f7ac3f68dc
confirmation,resource_gpu_h,1011264,H8P16,0.5,repeated,2.949121593122471,193.4389798490304,2,False,False,False,0.0,0.0,True,True,False,False,False,False,True,True,1,0.8002572911965311,32.0,94.37189097991907,91.13863791008009,3.2332530698389803,-1.1368683772161603e-13,16132.033483615822,270.41716566437503,0.0,0.0,285.3531997682993,4,4,3,/home/user/projects/AIDRBench/results/nature_mainline/commitment_validation_v1/runs/confirmation/resource_gpu_h/H8P16/repeated_f0.5_1011264.parquet,5903e4541043d67c8ae94a6bd43020ffae72b3bea5c3300990ee9283dda65461,/home/user/projects/AIDRBench/results/nature_mainline/commitment_validation_v1/inputs/confirmation/resource_gpu_h/1011264/H8P16/hourly_seed_1011264,71a170e8b8c6294802c97d66e9330d6f0199233d0e0a9bfeca6208173d54e554
confirmation,resource_gpu_h,1011265,H8P16,0.5,repeated,2.949121593122471,193.4389798490304,9,True,True,True,0.0,0.0,False,False,False,False,False,False,True,True,0,0.0,32.0,94.37189097991907,90.87485849607714,3.4970324838419344,-5.684341886080802e-14,17718.75142487068,267.9221454817377,0.0,0.0,326.7512255969183,1,1,7,/home/user/projects/AIDRBench/results/nature_mainline/commitment_validation_v1/runs/confirmation/resource_gpu_h/H8P16/repeated_f0.5_1011265.parquet,63bd36d4d12828156fe5dde124adc99a47074fc57fa2ce8df815e74f129fefeb,/home/user/projects/AIDRBench/results/nature_mainline/commitment_validation_v1/inputs/confirmation/resource_gpu_h/1011265/H8P16/hourly_seed_1011265,26487ea7fc51d306b65eb1e3700fd70f128ff35e343bfa6663d78db6c40f565e
confirmation,resource_gpu_h,1011266,H8P16,0.5,repeated,2.949121593122471,193.4389798490304,17,True,True,True,0.0,0.0,False,False,False,False,False,False,True,True,0,0.0,32.0,94.37189097991907,91.76561375064688,2.6062772292721945,-2.8421709430404007e-13,16984.461683455957,271.03640896344535,0.0,0.0,292.4601642043099,3,3,6,/home/user/projects/AIDRBench/results/nature_mainline/commitment_validation_v1/runs/confirmation/resource_gpu_h/H8P16/repeated_f0.5_1011266.parquet,2749f3bb9a8731b8f1ca039639c71a116fd2344f1e247e8f438d5e12c9676b27,/home/user/projects/AIDRBench/results/nature_mainline/commitment_validation_v1/inputs/confirmation/resource_gpu_h/1011266/H8P16/hourly_seed_1011266,27fba02b7cd9cc9f3444a2904259748e6f9237824bacdb71c8836c2b3fa03d78
confirmation,resource_gpu_h,1011267,H8P16,0.5,repeated,2.949121593122471,193.4389798490304,12,False,False,False,0.0,0.0,True,True,False,False,False,False,True,True,1,1.0278883418808542,32.0,94.37189097991907,90.12847922555568,4.243411754363393,1.856312792369863e-08,15717.132548899783,267.0924900339543,0.0,0.0,293.4874283468986,0,0,3,/home/user/projects/AIDRBench/results/nature_mainline/commitment_validation_v1/runs/confirmation/resource_gpu_h/H8P16/repeated_f0.5_1011267.parquet,a3f557d371127d4428186c20cfcdb67e300eb4a5de444ee04056fa27cd237927,/home/user/projects/AIDRBench/results/nature_mainline/commitment_validation_v1/inputs/confirmation/resource_gpu_h/1011267/H8P16/hourly_seed_1011267,5504f5f34e21ca87a43f4136d06171bb9b66e346db12af22fea749a404e22be6
confirmation,resource_gpu_h,1011268,H8P16,0.5,repeated,2.949121593122471,193.4389798490304,9,False,False,False,0.0,0.0,True,True,False,False,False,False,True,True,1,0.832715004133278,32.0,94.37189097991907,90.34115651714649,4.030734462772585,2.4850072577464744e-07,18089.77288945112,266.5381586626012,0.0,0.0,327.74773060112454,2,2,2,/home/user/projects/AIDRBench/results/nature_mainline/commitment_validation_v1/runs/confirmation/resource_gpu_h/H8P16/repeated_f0.5_1011268.parquet,6946906a486ddeae8eca2ffe897947506882febcaf2ad334b83eea0f44125c04,/home/user/projects/AIDRBench/results/nature_mainline/commitment_validation_v1/inputs/confirmation/resource_gpu_h/1011268/H8P16/hourly_seed_1011268,acc0a3a5c161826db83cee08c1d64e9abc599a470db8fea110d3a4b0a2cfe541
confirmation,resource_gpu_h,1011269,H8P16,0.5,repeated,2.949121593122471,193.4389798490304,17,False,False,False,0.0,0.0,True,True,False,False,False,False,True,True,2,0.3511226854235625,32.0,94.37189097991907,90.41194143790739,3.9599495420116853,1.1937481758650392e-07,17760.103797383556,267.40683795570976,0.0,0.0,302.31238233180585,2,2,5,/home/user/projects/AIDRBench/results/nature_mainline/commitment_validation_v1/runs/confirmation/resource_gpu_h/H8P16/repeated_f0.5_1011269.parquet,6ff0c0f4d27fd7712a9193506af0092b2a8002666e3e0572fd2131244a247c8f,/home/user/projects/AIDRBench/results/nature_mainline/commitment_validation_v1/inputs/confirmation/resource_gpu_h/1011269/H8P16/hourly_seed_1011269,1b54dfcd8cd34c3fce5be436f7d0bf0b08dcb2a2903bf540661ac940de8edc1e
confirmation,resource_gpu_h,1011270,H8P16,0.5,repeated,2.949121593122471,193.4389798490304,21,False,False,False,8.770761894538737e-15,1.3944154924925496e-18,True,True,False,False,False,False,True,True,3,1.0307657286671636,32.0,94.37189097991907,90.42137172635637,3.950519253562703,3.979039320256561e-13,15391.496152684807,267.0687907595136,8.770761894538737e-15,0.0,264.2439418290174,0,0,4,/home/user/projects/AIDRBench/results/nature_mainline/commitment_validation_v1/runs/confirmation/resource_gpu_h/H8P16/repeated_f0.5_1011270.parquet,4c5340a14c6292f671235ffdacdc9be27e8efb7f3320282d8f4c5657552b3f9c,/home/user/projects/AIDRBench/results/nature_mainline/commitment_validation_v1/inputs/confirmation/resource_gpu_h/1011270/H8P16/hourly_seed_1011270,0f51d0aa81f596068b203e9cc88523bd8453cd17fcca2532e3990ee385bcfc09
confirmation,resource_gpu_h,1011271,H8P16,0.5,repeated,2.949121593122471,193.4389798490304,8,True,True,True,4.353373217469425e-10,6.92119012240128e-14,False,False,False,False,False,False,True,True,0,0.0,32.0,94.37189097991907,91.30743806003727,3.064452919881802,-1.2727241482934915e-10,19025.65753707275,270.0590919170078,4.353373217469425e-10,0.0,343.36559410282797,1,1,1,/home/user/projects/AIDRBench/results/nature_mainline/commitment_validation_v1/runs/confirmation/resource_gpu_h/H8P16/repeated_f0.5_1011271.parquet,9855c5ab0d6a7880586bfcfb9c0f356609888fe42d48e73ef8ada520d16a9581,/home/user/projects/AIDRBench/results/nature_mainline/commitment_validation_v1/inputs/confirmation/resource_gpu_h/1011271/H8P16/hourly_seed_1011271,bd65c8dfaaf90a821e9beb25df0b73d4825b1ed44fcacb5ebaceeba1273aafe1
confirmation,resource_gpu_h,1011272,H8P16,0.5,repeated,2.949121593122471,193.4389798490304,7,True,True,True,0.0,0.0,False,False,False,False,False,False,True,True,0,0.0,32.0,94.37189097991907,91.09301599201297,3.278874987906107,4.635201662495092e-07,18581.107908217018,268.7306323543489,0.0,0.0,333.6946164406149,4,4,6,/home/user/projects/AIDRBench/results/nature_mainline/commitment_validation_v1/runs/confirmation/resource_gpu_h/H8P16/repeated_f0.5_1011272.parquet,8998e954055338a66a491f3335716b09c5b5a11225327e04762fa885198e78c5,/home/user/projects/AIDRBench/results/nature_mainline/commitment_validation_v1/inputs/confirmation/resource_gpu_h/1011272/H8P16/hourly_seed_1011272,602fd38171bc7bfdd204cd941f116c1402922ecbdd7d64764fff861c211a5d17
confirmation,resource_gpu_h,1011273,H8P16,0.5,repeated,2.949121593122471,193.4389798490304,23,False,False,False,4.440892098500626e-16,7.060331607557212e-20,False,True,False,False,False,False,True,True,1,0.009277122818887484,32.0,94.37189097991907,91.88075079282623,2.4911401870928387,1.0127604355147923e-07,15862.257164152023,271.9359548092773,4.440892098500626e-16,0.0,301.56829855728074,4,4,0,/home/user/projects/AIDRBench/results/nature_mainline/commitment_validation_v1/runs/confirmation/resource_gpu_h/H8P16/repeated_f0.5_1011273.parquet,21b6aa12c3a7b10c32d9a04ccfef0f41f05fbc4adde48cb31f8207635a91dc8f,/home/user/projects/AIDRBench/results/nature_mainline/commitment_validation_v1/inputs/confirmation/resource_gpu_h/1011273/H8P16/hourly_seed_1011273,10374fc2f1984142915464d251b2a45342728702e02f2a06c6dc33a7dadcd7ab
confirmation,resource_gpu_h,1011274,H8P16,0.5,repeated,2.949121593122471,193.4389798490304,10,False,False,False,0.47472568741898685,7.547404218479518e-05,True,True,False,False,False,False,True,True,3,0.9440168852794821,32.0,94.37189097991907,89.8528305986826,4.519060381236471,-0.16297516019841396,17398.602938805627,265.85800468523234,0.47472568741898685,0.0,314.13050304150045,1,1,0,/home/user/projects/AIDRBench/results/nature_mainline/commitment_validation_v1/runs/confirmation/resource_gpu_h/H8P16/repeated_f0.5_1011274.parquet,8359df8a3a004bc0b1c458713ad9c4d57b915adea546586c5468ae2a1af9dcdd,/home/user/projects/AIDRBench/results/nature_mainline/commitment_validation_v1/inputs/confirmation/resource_gpu_h/1011274/H8P16/hourly_seed_1011274,6e5ffc4d9eb4c318afffa397a2ee2446e34c43667502809716595d98fbb28641
confirmation,resource_gpu_h,1011275,H8P16,0.5,repeated,2.949121593122471,193.4389798490304,5,False,False,False,0.0,0.0,True,True,False,False,False,False,True,True,2,0.3511226854235341,32.0,94.37189097991907,90.88972136487007,3.4821696150490027,-3.410605131648481e-13,16025.021259322308,268.0240974308674,0.0,0.0,288.1053984107853,1,1,5,/home/user/projects/AIDRBench/results/nature_mainline/commitment_validation_v1/runs/confirmation/resource_gpu_h/H8P16/repeated_f0.5_1011275.parquet,d9261cfce0e71e5e44cb7da76f81610d3b39964e720551c693eb18c955d0f354,/home/user/projects/AIDRBench/results/nature_mainline/commitment_validation_v1/inputs/confirmation/resource_gpu_h/1011275/H8P16/hourly_seed_1011275,6d22a1b78101920b3f16b5fdeac1acf94a146dc5c07eb3eccf5ff58d3ef37d66
confirmation,resource_gpu_h,1011276,H8P16,0.5,repeated,2.949121593122471,193.4389798490304,4,False,False,False,0.0,0.0,True,True,False,False,False,False,True,True,1,0.8002572911964743,32.0,94.37189097991907,91.10810133560841,3.2637896443106627,-7.389644451905042e-13,15071.676834207145,269.75135110843405,0.0,0.0,267.9919507308204,1,1,3,/home/user/projects/AIDRBench/results/nature_mainline/commitment_validation_v1/runs/confirmation/resource_gpu_h/H8P16/repeated_f0.5_1011276.parquet,7b393ec1dc44da42dde6c8268edb8b87a325dcf9f6a7959d8d38604eb88c1ce8,/home/user/projects/AIDRBench/results/nature_mainline/commitment_validation_v1/inputs/confirmation/resource_gpu_h/1011276/H8P16/hourly_seed_1011276,afe8556eae1b2e546ce4acdd8363a628a5524287f2e4f7021779f44568335070
confirmation,resource_gpu_h,1011277,H8P16,0.5,repeated,2.949121593122471,193.4389798490304,17,False,False,False,0.0,0.0,True,True,False,False,False,False,True,True,1,0.8119798030090672,32.0,94.37189097991907,90.59270130343907,3.7791896764800015,0.8029694174011297,17447.328287222346,267.68986971514664,0.0,0.0,298.5568347162331,3,3,1,/home/user/projects/AIDRBench/results/nature_mainline/commitment_validation_v1/runs/confirmation/resource_gpu_h/H8P16/repeated_f0.5_1011277.parquet,c21756d39e39befdadb6e9123a0e443027e834241494dd2557b7302c1ea7ec92,/home/user/projects/AIDRBench/results/nature_mainline/commitment_validation_v1/inputs/confirmation/resource_gpu_h/1011277/H8P16/hourly_seed_1011277,87dda79fa3352687a60bb4690f3ab5c13719395d6731bbc2243b8eb2f4b47da5
confirmation,resource_gpu_h,1011278,H8P16,0.5,repeated,2.949121593122471,193.4389798490304,12,False,False,False,1.5693279274149274,0.0002494988692089769,True,True,False,False,False,False,True,True,4,0.9440168852794821,32.0,94.37189097991907,89.02470563922179,5.34718534069728,-0.5387561817145752,15860.053866833885,263.70654244062126,1.5693279274149274,0.0,297.16711947987324,1,1,0,/home/user/projects/AIDRBench/results/nature_mainline/commitment_validation_v1/runs/confirmation/resource_gpu_h/H8P16/repeated_f0.5_1011278.parquet,b678d83e0e8584643cecc422968504e074c0e6eb22af2119cfd9e7bffd603c4d,/home/user/projects/AIDRBench/results/nature_mainline/commitment_validation_v1/inputs/confirmation/resource_gpu_h/1011278/H8P16/hourly_seed_1011278,8f780707239dd893468ae6efdd433e6f8b20b6df3340196fdb4890376a1ef783
confirmation,resource_gpu_h,1011279,H8P16,0.5,repeated,2.949121593122471,193.4389798490304,8,True,True,True,0.0,0.0,False,False,False,False,False,False,True,True,0,0.0,32.0,94.37189097991907,91.23619982606391,3.135691153855163,2.8421709430404007e-13,18800.125804642543,269.8536529752907,0.0,0.0,333.9541141826793,4,4,1,/home/user/projects/AIDRBench/results/nature_mainline/commitment_validation_v1/runs/confirmation/resource_gpu_h/H8P16/repeated_f0.5_1011279.parquet,a9a0f77c3a5e1ad3a021f646b96a46ef0737440747e77b666c9d97fc8473336f,/home/user/projects/AIDRBench/results/nature_mainline/commitment_validation_v1/inputs/confirmation/resource_gpu_h/1011279/H8P16/hourly_seed_1011279,a82288bad03b00a39091c09809199c1daee2c363ed3f2d7f133951051531d480
confirmation,resource_gpu_h,1011280,H8P16,0.5,repeated,2.949121593122471,193.4389798490304,9,True,True,True,0.0,0.0,False,False,False,False,False,False,True,True,0,0.0,32.0,94.37189097991907,90.94924956712686,3.422641412792217,-2.8421709430404007e-13,18073.542521379175,267.99006133857597,0.0,0.0,333.1909438433782,2,2,7,/home/user/projects/AIDRBench/results/nature_mainline/commitment_validation_v1/runs/confirmation/resource_gpu_h/H8P16/repeated_f0.5_1011280.parquet,6f6a35c23e1abe23b524b605c750a2443efea8f0c84533bbb5bdd4f08d4c477b,/home/user/projects/AIDRBench/results/nature_mainline/commitment_validation_v1/inputs/confirmation/resource_gpu_h/1011280/H8P16/hourly_seed_1011280,c4fc3d94ad6f1a1b83c57d32c84f76102c5a94d86dec4bd0034a650779fad8b1
confirmation,resource_gpu_h,1011281,H8P16,0.5,repeated,2.949121593122471,193.4389798490304,9,False,False,False,0.0,0.0,True,True,False,False,False,False,True,True,1,0.8327150041332496,32.0,94.37189097991907,90.30374956324772,4.068141416671352,2.485016352693492e-07,17474.145607307382,266.3982994630773,0.0,0.0,314.3950593355224,0,0,2,/home/user/projects/AIDRBench/results/nature_mainline/commitment_validation_v1/runs/confirmation/resource_gpu_h/H8P16/repeated_f0.5_1011281.parquet,7a5bf65dd1de111f15084e50060c3fd83d4be0d4057f5b4344454a58482871e4,/home/user/projects/AIDRBench/results/nature_mainline/commitment_validation_v1/inputs/confirmation/resource_gpu_h/1011281/H8P16/hourly_seed_1011281,982bd6de01401d8b79ec283a009d041010d76fd48def02e17374fe663c359363
confirmation,resource_gpu_h,1011282,H8P16,0.5,repeated,2.949121593122471,193.4389798490304,0,True,True,True,0.0,0.0,False,False,False,False,False,False,True,True,0,0.0,32.0,94.37189097991907,92.0454695341283,2.3264214457907713,8.880039104042226e-08,15369.156283148057,272.0888547877156,0.0,0.0,291.5393775123755,6,6,6,/home/user/projects/AIDRBench/results/nature_mainline/commitment_validation_v1/runs/confirmation/resource_gpu_h/H8P16/repeated_f0.5_1011282.parquet,0507440e420697fdb1113293bce14732674b135c9d5ef35c089a5000d5333319,/home/user/projects/AIDRBench/results/nature_mainline/commitment_validation_v1/inputs/confirmation/resource_gpu_h/1011282/H8P16/hourly_seed_1011282,65905afcd579b52507b0f8a0a697cec925a8d227c12c26a2e13f29b9f2be4f6d
confirmation,resource_gpu_h,1011283,H8P16,0.5,repeated,2.949121593122471,193.4389798490304,8,True,True,True,0.0,0.0,False,False,False,False,False,False,True,True,0,0.0,32.0,94.37189097991907,91.22737102517277,3.1445199547463005,4.6351982518899604e-07,18687.855666683914,268.5917049629935,0.0,0.0,338.0685346596923,4,4,6,/home/user/projects/AIDRBench/results/nature_mainline/commitment_validation_v1/runs/confirmation/resource_gpu_h/H8P16/repeated_f0.5_1011283.parquet,2f0a7c417c5549bfafc3503963548d87a818b92e87ec25a8963cee4075292ab8,/home/user/projects/AIDRBench/results/nature_mainline/commitment_validation_v1/inputs/confirmation/resource_gpu_h/1011283/H8P16/hourly_seed_1011283,56d7f0ee46d23e1e880585b7d978cefaff957f9098e935ba50d242aa838eed44
confirmation,resource_gpu_h,1011284,H8P16,0.5,repeated,2.949121593122471,193.4389798490304,13,True,True,True,0.0,0.0,False,False,False,False,False,False,True,True,0,0.0,32.0,94.37189097991907,91.69956550718547,2.672325472733604,8.526512829121202e-13,16615.05670425565,269.8024675757945,0.0,0.0,297.15136178716574,2,2,6,/home/user/projects/AIDRBench/results/nature_mainline/commitment_validation_v1/runs/confirmation/resource_gpu_h/H8P16/repeated_f0.5_1011284.parquet,7aeda15f1fe1027556bfe999ef6bec9db9769790df16f0f19efaf9a5adc1a6b6,/home/user/projects/AIDRBench/results/nature_mainline/commitment_validation_v1/inputs/confirmation/resource_gpu_h/1011284/H8P16/hourly_seed_1011284,5754f4111dd28c185586ee27ba63a1b3e03bd3448f2617293f868a22ce6c1f11
confirmation,resource_gpu_h,1011285,H8P16,0.5,repeated,2.949121593122471,193.4389798490304,22,True,True,True,0.0,0.0,False,False,False,False,False,False,True,True,0,0.0,32.0,94.37189097991907,91.3099186567303,3.061972323188769,1.9617885982370353e-07,14656.490792045168,268.9005343302372,0.0,0.0,270.700654944883,2,2,6,/home/user/projects/AIDRBench/results/nature_mainline/commitment_validation_v1/runs/confirmation/resource_gpu_h/H8P16/repeated_f0.5_1011285.parquet,4b26103abaa56ce02f690a8379b3f97fc71e7ca9ff1d4f4acd91ebbf80870368,/home/user/projects/AIDRBench/results/nature_mainline/commitment_validation_v1/inputs/confirmation/resource_gpu_h/1011285/H8P16/hourly_seed_1011285,e916979ca70565583745dae7663f8d4031895ba1f1609ccd23598291bb31f77b
confirmation,resource_gpu_h,1011286,H8P16,0.5,repeated,2.949121593122471,193.4389798490304,5,True,True,True,0.0,0.0,False,False,False,False,False,False,True,True,0,0.0,32.0,94.37189097991907,91.64950860931793,2.7223823706011387,4.7224574473148095e-07,15471.23224254551,271.2776357084906,0.0,0.0,281.44695792909965,2,2,0,/home/user/projects/AIDRBench/results/nature_mainline/commitment_validation_v1/runs/confirmation/resource_gpu_h/H8P16/repeated_f0.5_1011286.parquet,63811b127339d484778f4237a3a91e7d1aa429d4558096c5579d4762b14b6d82,/home/user/projects/AIDRBench/results/nature_mainline/commitment_validation_v1/inputs/confirmation/resource_gpu_h/1011286/H8P16/hourly_seed_1011286,9dced22c1e1cbfca78814b6a4efba135f9c7ad67c71cf513f1353d58ced46127
confirmation,resource_gpu_h,1011287,H8P16,0.5,repeated,2.949121593122471,193.4389798490304,18,False,False,False,0.0,0.0,True,True,False,False,False,False,True,True,3,1.0307657286671636,32.0,94.37189097991907,90.27160791371386,4.100283066205208,-5.684341886080802e-14,15451.924757364608,265.73068506030097,0.0,0.0,265.3736979592568,0,0,4,/home/user/projects/AIDRBench/results/nature_mainline/commitment_validation_v1/runs/confirmation/resource_gpu_h/H8P16/repeated_f0.5_1011287.parquet,63d3d9fdb25ab1f7eb5252f4a31968b93ddf3ac012f258ab31d91799d6330dcb,/home/user/projects/AIDRBench/results/nature_mainline/commitment_validation_v1/inputs/confirmation/resource_gpu_h/1011287/H8P16/hourly_seed_1011287,acba313092977d64f94344118f12f98a555fde4ba302399453560278a440be88
confirmation,resource_gpu_h,1011288,H8P16,0.5,repeated,2.949121593122471,193.4389798490304,2,True,True,True,0.0,0.0,False,False,False,False,False,False,True,True,0,0.0,32.0,94.37189097991907,91.7288254609868,2.643065518932275,4.635195978153206e-07,15641.878163570102,272.10510121088674,0.0,0.0,293.03944531688956,4,4,6,/home/user/projects/AIDRBench/results/nature_mainline/commitment_validation_v1/runs/confirmation/resource_gpu_h/H8P16/repeated_f0.5_1011288.parquet,ad2e67b0d2eac2918936b3767f9a1eb3d51517ef63d4194b68db1adbfb30d255,/home/user/projects/AIDRBench/results/nature_mainline/commitment_validation_v1/inputs/confirmation/resource_gpu_h/1011288/H8P16/hourly_seed_1011288,9216b7e7692ca7561f87056bf2f90a9358b1fc02e1e929f4b028ee5c0b2af3d4
confirmation,resource_gpu_h,1011289,H8P16,0.5,repeated,2.949121593122471,193.4389798490304,2,False,False,False,0.0,0.0,True,True,False,False,False,False,True,True,2,1.0307657286671068,32.0,94.37189097991907,90.7054997732771,3.6663912066419755,7.958078640513122e-13,16182.88990399155,267.9253427961736,0.0,0.0,276.1298824559934,2,2,4,/home/user/projects/AIDRBench/results/nature_mainline/commitment_validation_v1/runs/confirmation/resource_gpu_h/H8P16/repeated_f0.5_1011289.parquet,f0b75f411572cfdac8538fd20a38f2e38bf3e2d4bd696191fc09a6835bd58edf,/home/user/projects/AIDRBench/results/nature_mainline/commitment_validation_v1/inputs/confirmation/resource_gpu_h/1011289/H8P16/hourly_seed_1011289,9320d55d32b7649b19a16e3adac8885032c64fc26e99144237f3cf877e6832fb
confirmation,resource_gpu_h,1011290,H8P16,0.5,repeated,2.949121593122471,193.4389798490304,14,False,False,False,0.0,0.0,True,True,False,False,False,False,True,True,1,1.03076572866705,32.0,94.37189097991907,89.79829826217286,4.573592717746209,0.0,16832.70482118109,265.1316390497933,0.0,0.0,302.72842587298265,1,1,4,/home/user/projects/AIDRBench/results/nature_mainline/commitment_validation_v1/runs/confirmation/resource_gpu_h/H8P16/repeated_f0.5_1011290.parquet,1a4e61bff340e287884e3a9cc4d947041dd2b74e0e2edf6fcc5806554015780b,/home/user/projects/AIDRBench/results/nature_mainline/commitment_validation_v1/inputs/confirmation/resource_gpu_h/1011290/H8P16/hourly_seed_1011290,837d8664b349d374d690e06f4e7056e04b23585075117ed04d3ad9614a607f6e
confirmation,resource_gpu_h,1011291,H8P16,0.5,repeated,2.949121593122471,193.4389798490304,23,True,True,True,0.0,0.0,False,False,False,False,False,False,True,True,0,0.0,32.0,94.37189097991907,91.83285565221126,2.5390353277078077,0.0,14782.776340803945,271.34532652988855,0.0,0.0,281.47417509117355,5,5,1,/home/user/projects/AIDRBench/results/nature_mainline/commitment_validation_v1/runs/confirmation/resource_gpu_h/H8P16/repeated_f0.5_1011291.parquet,5c8ff102f0aef7c9374606b5833dcefe88e836cbf90db5ce30cb4afc67749f17,/home/user/projects/AIDRBench/results/nature_mainline/commitment_validation_v1/inputs/confirmation/resource_gpu_h/1011291/H8P16/hourly_seed_1011291,3d1c1f782b8e2f5ba0b808a0a4dc309dc6401a93ad345cb66010fd4017e6133b
confirmation,resource_gpu_h,1011292,H8P16,0.5,repeated,2.949121593122471,193.4389798490304,16,False,False,False,3.1086244689504383e-15,4.942232125290051e-19,True,True,False,False,False,False,True,True,2,0.35112268542359093,32.0,94.37189097991907,90.42500402994153,3.9468869499775394,-1.7053025658242404e-13,17493.69801306419,267.7908312755793,3.1086244689504383e-15,0.0,298.81408916482565,5,5,5,/home/user/projects/AIDRBench/results/nature_mainline/commitment_validation_v1/runs/confirmation/resource_gpu_h/H8P16/repeated_f0.5_1011292.parquet,eab0d65ae0123ba83fe90e87e18513299cd5cf5c93b48d54e02d9738e8283154,/home/user/projects/AIDRBench/results/nature_mainline/commitment_validation_v1/inputs/confirmation/resource_gpu_h/1011292/H8P16/hourly_seed_1011292,e628732b6993f94af272b68c33ebd60d44b7673945dcb0742bdc2478b3702bcb
confirmation,resource_gpu_h,1011293,H8P16,0.5,repeated,2.949121593122471,193.4389798490304,8,True,True,True,0.0,0.0,False,False,False,False,False,False,True,True,0,0.0,32.0,94.37189097991907,91.36296075670515,3.0089302232139232,5.115907697472721e-13,18864.119126209873,270.1920559916195,0.0,0.0,335.0436346668882,3,3,1,/home/user/projects/AIDRBench/results/nature_mainline/commitment_validation_v1/runs/confirmation/resource_gpu_h/H8P16/repeated_f0.5_1011293.parquet,b20cbdf99b60de7cfdc5a855fe032d26ec6bc3ea435102f9d52f0c322dd5dbe3,/home/user/projects/AIDRBench/results/nature_mainline/commitment_validation_v1/inputs/confirmation/resource_gpu_h/1011293/H8P16/hourly_seed_1011293,5260c60cf1775ce9299cc151045bb70db9a2bfe2cbc42427d5cf1def9b3a0856
confirmation,resource_gpu_h,1011294,H8P16,0.5,repeated,2.949121593122471,193.4389798490304,16,False,False,False,0.0,0.0,True,True,False,False,False,False,True,True,1,0.3679201554451632,32.0,94.37189097991907,90.73899805896531,3.632892920953765,3.410605131648481e-13,17436.54793095889,267.7226939570379,0.0,0.0,299.1918157767629,3,3,2,/home/user/projects/AIDRBench/results/nature_mainline/commitment_validation_v1/runs/confirmation/resource_gpu_h/H8P16/repeated_f0.5_1011294.parquet,393104333665bf95e646e5359c767acd3a1f80b9855cb4faec18c0a23cdb4fb6,/home/user/projects/AIDRBench/results/nature_mainline/commitment_validation_v1/inputs/confirmation/resource_gpu_h/1011294/H8P16/hourly_seed_1011294,8476475cddf3d7d8ce0de8c3b1989df15cef88f43d9c8f8f5f09d4224f8251bb
confirmation,resource_gpu_h,1011295,H8P16,0.5,repeated,2.949121593122471,193.4389798490304,0,True,True,True,0.0,0.0,False,False,False,False,False,False,True,True,0,0.0,32.0,94.37189097991907,92.1182216470412,2.2536693328778767,8.880067525751656e-08,15900.937392409855,272.1160852590882,0.0,0.0,297.77333703819903,3,3,6,/home/user/projects/AIDRBench/results/nature_mainline/commitment_validation_v1/runs/confirmation/resource_gpu_h/H8P16/repeated_f0.5_1011295.parquet,c9ad7a8e83ac45d44ac5e05a47dfbf9ccb00bd870f5e928b2cac56308caa8b10,/home/user/projects/AIDRBench/results/nature_mainline/commitment_validation_v1/inputs/confirmation/resource_gpu_h/1011295/H8P16/hourly_seed_1011295,975ba7cc65bf3ad4bc0426303331dc838c4f09f8c41ec2435c843b9f525d4db6
confirmation,resource_gpu_h,1011296,H8P16,0.5,repeated,2.949121593122471,193.4389798490304,3,False,False,False,0.0,0.0,True,True,False,False,False,False,True,True,1,0.8002572911965311,32.0,94.37189097991907,90.99779138041742,3.3740995995016476,5.684341886080802e-14,15911.2058642972,269.3301438942458,0.0,0.0,277.74035135453425,0,0,3,/home/user/projects/AIDRBench/results/nature_mainline/commitment_validation_v1/runs/confirmation/resource_gpu_h/H8P16/repeated_f0.5_1011296.parquet,6e34a6b5dbf5621d3d80bbb699649027af76b0b72339578f341e4d2a2d2949a5,/home/user/projects/AIDRBench/results/nature_mainline/commitment_validation_v1/inputs/confirmation/resource_gpu_h/1011296/H8P16/hourly_seed_1011296,620248a478c1bf3ff4532e5861ebe3cac70a071caf1aae0fd84434143ff95e7f
confirmation,resource_gpu_h,1011297,H8P16,0.5,repeated,2.949121593122471,193.4389798490304,4,False,False,False,0.0,0.0,True,True,False,False,False,False,True,True,1,0.35112268542359093,32.0,94.37189097991907,90.99292594511871,3.378965034800359,1.902434973999334e-07,15894.048847053036,268.50049407722753,0.0,0.0,281.8783642808173,1,1,5,/home/user/projects/AIDRBench/results/nature_mainline/commitment_validation_v1/runs/confirmation/resource_gpu_h/H8P16/repeated_f0.5_1011297.parquet,54281978c4ced008738fbcd0d27c98c9b22c7cbed5d908232ca3b6a0cff172d1,/home/user/projects/AIDRBench/results/nature_mainline/commitment_validation_v1/inputs/confirmation/resource_gpu_h/1011297/H8P16/hourly_seed_1011297,e03701d320cbb742115bc0f10e181e65cb668ca1644fb6a7aa77ef8dffe08d28
confirmation,resource_gpu_h,1011298,H8P16,0.5,repeated,2.949121593122471,193.4389798490304,0,True,True,True,0.0,0.0,False,False,False,False,False,False,True,True,0,0.0,32.0,94.37189097991907,91.94431246507492,2.427578514844157,8.880073210093542e-08,15353.081870298307,271.7321318963849,0.0,0.0,291.2754596490065,5,5,6,/home/user/projects/AIDRBench/results/nature_mainline/commitment_validation_v1/runs/confirmation/resource_gpu_h/H8P16/repeated_f0.5_1011298.parquet,2c7c91bd0a5fe72e78cbb96ae299cbf54c67c351ddc4ec880077480b8adfbf2c,/home/user/projects/AIDRBench/results/nature_mainline/commitment_validation_v1/inputs/confirmation/resource_gpu_h/1011298/H8P16/hourly_seed_1011298,aa87892e8ea13771cca349eb42c6817026697e7eccf1e00a365a3f30e5e7ecc5
confirmation,resource_gpu_h,1011299,H8P16,0.5,repeated,2.949121593122471,193.4389798490304,15,False,False,False,0.0,0.0,True,True,False,False,False,False,True,True,1,1.0307657286671068,32.0,94.37189097991907,90.05343859487323,4.318452385045845,-3.410605131648481e-13,16988.950989101188,265.65014044329166,0.0,0.0,296.67947483222497,2,2,4,/home/user/projects/AIDRBench/results/nature_mainline/commitment_validation_v1/runs/confirmation/resource_gpu_h/H8P16/repeated_f0.5_1011299.parquet,5a7a0e05e7479027ddd21d6e302ac9d6a1d18e4def7f449a5e68c018c670bf62,/home/user/projects/AIDRBench/results/nature_mainline/commitment_validation_v1/inputs/confirmation/resource_gpu_h/1011299/H8P16/hourly_seed_1011299,94949c39f2de5ef97f473d3f353d723570f7af5fb9b9372daadc96e7d78c2a69
